 O      8.6341300000000007        8.3041999999999998        7.4331500000000004     
 H      9.1135599999999997        7.4427599999999998        7.6838499999999996     
 H      9.2713500000000000        8.9959799999999994        7.7488999999999999     
 O      5.4264099999999997        11.565640000000000        7.4908700000000001     
 H      4.4486699999999999        11.603809999999999        7.4729500000000000     
 H      5.6594499999999996        10.787690000000000        7.9782000000000002     
 O      2.7532199999999998        11.089309999999999        7.5213700000000001     
 H      2.0935600000000001        11.787620000000000        7.5261300000000002     
 H      2.4589900000000000        10.132809999999999        7.7283099999999996     
 Pt    -8.5389999999999994E-002  -2.5470000000000000E-002   5.1734299999999998     
 Pt     2.8672000000000000       -2.6519999999999998E-002   5.1413599999999997     
 Pt     5.5913700000000004       -4.9660000000000003E-002   5.1073000000000004     
 Pt     8.3753899999999994       -9.9970000000000003E-002   5.1110499999999996     
 Pt    -8.2699999999999996E-003   2.8070400000000002        5.1297300000000003     
 Pt     2.8296000000000001        2.8549600000000002        5.1341599999999996     
 Pt     5.7302600000000004        2.8699599999999998        5.0973300000000004     
 Pt     8.4427500000000002        2.6318400000000000        5.1112000000000002     
 Pt    -2.3769999999999999E-002   5.6111000000000004        5.0847899999999999     
 Pt     2.6907500000000000        5.6336800000000000        4.9977400000000003     
 Pt     5.6673900000000001        5.6538800000000000        5.0392799999999998     
 Pt     8.5187700000000000        5.4702799999999998        5.0336499999999997     
 Pt    0.12259000000000000        8.4011899999999997        5.1858800000000000     
 Pt     2.9002300000000001        8.3721300000000003        5.1885300000000001     
 Pt     5.6225899999999998        8.3227600000000006        5.1062700000000003     
 Pt     8.4887200000000007        8.2818699999999996        5.1504500000000002     
 Pt     1.4056000000000000        1.4056000000000000        3.0564100000000001     
 Pt     4.2171000000000003        1.4056000000000000        3.0564200000000001     
 Pt     7.0285599999999997        1.4056000000000000        3.0564200000000001     
 Pt     9.8400700000000008        1.4056000000000000        3.0564100000000001     
 Pt     1.4056000000000000        4.2171000000000003        3.0564200000000001     
 Pt     4.2171000000000003        4.2171000000000003        3.0564200000000001     
 Pt     7.0285599999999997        4.2171000000000003        3.0564300000000002     
 Pt     9.8400700000000008        4.2171000000000003        3.0564100000000001     
 Pt     1.4056000000000000        7.0285599999999997        3.0564200000000001     
 Pt     4.2171000000000003        7.0285599999999997        3.0564300000000002     
 Pt     7.0285599999999997        7.0285599999999997        3.0564300000000002     
 Pt     9.8400700000000008        7.0285599999999997        3.0564200000000001     
 Pt     1.4056000000000000        9.8400700000000008        3.0564100000000001     
 Pt     4.2171000000000003        9.8400700000000008        3.0564100000000001     
 Pt     7.0285599999999997        9.8400700000000008        3.0564200000000001     
 Pt     9.8400700000000008        9.8400700000000008        3.0564000000000000     
 Pt    -1.3999999999999999E-004  -1.3999999999999999E-004   1.0252500000000000     
 Pt     2.8113800000000002       -1.3999999999999999E-004   1.0252600000000001     
 Pt     5.6228600000000002       -1.3999999999999999E-004   1.0252500000000000     
 Pt     8.4343299999999992       -1.3999999999999999E-004   1.0252600000000001     
 Pt    -1.3999999999999999E-004   2.8113800000000002        1.0252600000000001     
 Pt     2.8113800000000002        2.8113800000000002        1.0252699999999999     
 Pt     5.6228600000000002        2.8113800000000002        1.0252600000000001     
 Pt     8.4343299999999992        2.8113800000000002        1.0252699999999999     
 Pt    -1.3999999999999999E-004   5.6228600000000002        1.0252500000000000     
 Pt     2.8113800000000002        5.6228600000000002        1.0252600000000001     
 Pt     5.6228600000000002        5.6228600000000002        1.0252600000000001     
 Pt     8.4343299999999992        5.6228600000000002        1.0252600000000001     
 Pt    -1.3999999999999999E-004   8.4343299999999992        1.0252600000000001     
 Pt     2.8113800000000002        8.4343299999999992        1.0252699999999999     
 Pt     5.6228600000000002        8.4343299999999992        1.0252600000000001     
 Pt     8.4343299999999992        8.4343299999999992        1.0252699999999999     
