 O      5.5729199999999999        10.986290000000000        7.5496299999999996     
 H      4.6017799999999998        10.967670000000000        7.5632599999999996     
 H      5.8180199999999997        10.071830000000000        7.8760700000000003     
 O      2.7383299999999999        8.4132200000000008        7.7837300000000003     
 H      3.1906300000000001        8.8630800000000001        8.6016300000000001     
 H      2.0844100000000001        7.8381600000000002        8.2172999999999998     
 O      9.1334800000000005       0.76551999999999998        7.6786799999999999     
 H      8.9767399999999995        1.4078100000000000        6.9355399999999996     
 H      8.2394700000000007       0.68513999999999997        8.0787800000000001     
 O      2.4668800000000002        11.034739999999999        7.3938100000000002     
 H      1.7741600000000000        11.806139999999999        7.4834899999999998     
 H      2.0766900000000001        10.155160000000000        7.6360700000000001     
 Pt    -1.7409999999999998E-002   5.7349999999999998E-002   5.0053099999999997     
 Pt     2.6683100000000000       -6.5799999999999999E-003   5.1152699999999998     
 Pt     5.7156399999999996       0.12370000000000000        5.2173200000000000     
 Pt     8.5081699999999998       -2.6579999999999999E-002   4.9478299999999997     
 Pt     3.3630000000000000E-002   2.8523100000000001        5.0473299999999997     
 Pt     2.8089499999999998        2.8081200000000002        5.0383399999999998     
 Pt     5.5345899999999997        2.7725399999999998        5.1666100000000004     
 Pt     8.3693100000000005        2.9302600000000001        5.1841999999999997     
 Pt     1.6240000000000001E-002   5.6638999999999999        5.0668800000000003     
 Pt     2.8899499999999998        5.5843800000000003        5.1602600000000001     
 Pt     5.5433899999999996        5.5933900000000003        5.1680299999999999     
 Pt     8.5906699999999994        5.6618399999999998        5.1708600000000002     
 Pt    -2.8999999999999998E-003   8.4605599999999992        4.9586199999999998     
 Pt     2.8513799999999998        8.4506700000000006        5.0755699999999999     
 Pt     5.6455200000000003        8.4856700000000007        5.0977899999999998     
 Pt     8.5059100000000001        8.4732599999999998        5.1159299999999996     
 Pt     1.4056000000000000        1.4056000000000000        3.0564100000000001     
 Pt     4.2171000000000003        1.4056000000000000        3.0564200000000001     
 Pt     7.0285599999999997        1.4056000000000000        3.0564200000000001     
 Pt     9.8400700000000008        1.4056000000000000        3.0564100000000001     
 Pt     1.4056000000000000        4.2171000000000003        3.0564200000000001     
 Pt     4.2171000000000003        4.2171000000000003        3.0564200000000001     
 Pt     7.0285599999999997        4.2171000000000003        3.0564300000000002     
 Pt     9.8400700000000008        4.2171000000000003        3.0564100000000001     
 Pt     1.4056000000000000        7.0285599999999997        3.0564200000000001     
 Pt     4.2171000000000003        7.0285599999999997        3.0564300000000002     
 Pt     7.0285599999999997        7.0285599999999997        3.0564300000000002     
 Pt     9.8400700000000008        7.0285599999999997        3.0564200000000001     
 Pt     1.4056000000000000        9.8400700000000008        3.0564100000000001     
 Pt     4.2171000000000003        9.8400700000000008        3.0564100000000001     
 Pt     7.0285599999999997        9.8400700000000008        3.0564200000000001     
 Pt     9.8400700000000008        9.8400700000000008        3.0564000000000000     
 Pt    -1.3999999999999999E-004  -1.3999999999999999E-004   1.0252500000000000     
 Pt     2.8113800000000002       -1.3999999999999999E-004   1.0252600000000001     
 Pt     5.6228600000000002       -1.3999999999999999E-004   1.0252500000000000     
 Pt     8.4343299999999992       -1.3999999999999999E-004   1.0252600000000001     
 Pt    -1.3999999999999999E-004   2.8113800000000002        1.0252600000000001     
 Pt     2.8113800000000002        2.8113800000000002        1.0252699999999999     
 Pt     5.6228600000000002        2.8113800000000002        1.0252600000000001     
 Pt     8.4343299999999992        2.8113800000000002        1.0252699999999999     
 Pt    -1.3999999999999999E-004   5.6228600000000002        1.0252500000000000     
 Pt     2.8113800000000002        5.6228600000000002        1.0252600000000001     
 Pt     5.6228600000000002        5.6228600000000002        1.0252600000000001     
 Pt     8.4343299999999992        5.6228600000000002        1.0252600000000001     
 Pt    -1.3999999999999999E-004   8.4343299999999992        1.0252600000000001     
 Pt     2.8113800000000002        8.4343299999999992        1.0252699999999999     
 Pt     5.6228600000000002        8.4343299999999992        1.0252600000000001     
 Pt     8.4343299999999992        8.4343299999999992        1.0252699999999999     
