 O      8.8654700000000002        8.4303699999999999        7.7767299999999997     
 H      9.1785300000000003        7.4687700000000001        7.7826399999999998     
 H      9.7566799999999994        8.9762299999999993        7.7915299999999998     
 O      5.4381500000000003        11.509410000000001        7.2895599999999998     
 H      4.4260900000000003        11.366030000000000        7.4665100000000004     
 H      5.8909399999999996        10.797050000000000        7.9453500000000004     
 O      2.7379500000000001        10.793369999999999        7.4920999999999998     
 H      1.9875100000000001        11.221220000000001        8.0104399999999991     
 H      2.7140599999999999        9.8200000000000003        7.5874800000000002     
 Pt    -5.4530000000000002E-002  -5.8830000000000000E-002   5.0914599999999997     
 Pt     2.6739700000000002       -4.7280000000000003E-002   5.1453899999999999     
 Pt     5.7067699999999997       -4.0239999999999998E-002   5.1129199999999999     
 Pt     8.4422700000000006       -1.3429999999999999E-002   5.1671500000000004     
 Pt    -1.1750000000000000E-002   2.8565999999999998        5.1932999999999998     
 Pt     2.7611300000000001        2.8018200000000002        5.1047799999999999     
 Pt     5.6826999999999996        2.8914900000000001        5.0662300000000000     
 Pt     8.5441299999999991        2.7996500000000002        5.0415200000000002     
 Pt     2.6730000000000000E-002   5.6756700000000002        5.0888000000000000     
 Pt     2.8775700000000000        5.7116499999999997        5.2140300000000002     
 Pt     5.6933299999999996        5.6208600000000004        5.2725400000000002     
 Pt     8.3653600000000008        5.4980799999999999        5.1142200000000004     
 Pt     5.9540000000000003E-002   8.4609400000000008        5.1614199999999997     
 Pt     2.9765100000000002        8.4267400000000006        5.1755100000000001     
 Pt     5.6990900000000000        8.4397500000000001        5.1007699999999998     
 Pt     8.3723600000000005        8.2491400000000006        5.1153700000000004     
 Pt     1.4056000000000000        1.4056000000000000        3.0564100000000001     
 Pt     4.2171000000000003        1.4056000000000000        3.0564200000000001     
 Pt     7.0285599999999997        1.4056000000000000        3.0564200000000001     
 Pt     9.8400700000000008        1.4056000000000000        3.0564100000000001     
 Pt     1.4056000000000000        4.2171000000000003        3.0564200000000001     
 Pt     4.2171000000000003        4.2171000000000003        3.0564200000000001     
 Pt     7.0285599999999997        4.2171000000000003        3.0564300000000002     
 Pt     9.8400700000000008        4.2171000000000003        3.0564100000000001     
 Pt     1.4056000000000000        7.0285599999999997        3.0564200000000001     
 Pt     4.2171000000000003        7.0285599999999997        3.0564300000000002     
 Pt     7.0285599999999997        7.0285599999999997        3.0564300000000002     
 Pt     9.8400700000000008        7.0285599999999997        3.0564200000000001     
 Pt     1.4056000000000000        9.8400700000000008        3.0564100000000001     
 Pt     4.2171000000000003        9.8400700000000008        3.0564100000000001     
 Pt     7.0285599999999997        9.8400700000000008        3.0564200000000001     
 Pt     9.8400700000000008        9.8400700000000008        3.0564000000000000     
 Pt    -1.3999999999999999E-004  -1.3999999999999999E-004   1.0252500000000000     
 Pt     2.8113800000000002       -1.3999999999999999E-004   1.0252600000000001     
 Pt     5.6228600000000002       -1.3999999999999999E-004   1.0252500000000000     
 Pt     8.4343299999999992       -1.3999999999999999E-004   1.0252600000000001     
 Pt    -1.3999999999999999E-004   2.8113800000000002        1.0252600000000001     
 Pt     2.8113800000000002        2.8113800000000002        1.0252699999999999     
 Pt     5.6228600000000002        2.8113800000000002        1.0252600000000001     
 Pt     8.4343299999999992        2.8113800000000002        1.0252699999999999     
 Pt    -1.3999999999999999E-004   5.6228600000000002        1.0252500000000000     
 Pt     2.8113800000000002        5.6228600000000002        1.0252600000000001     
 Pt     5.6228600000000002        5.6228600000000002        1.0252600000000001     
 Pt     8.4343299999999992        5.6228600000000002        1.0252600000000001     
 Pt    -1.3999999999999999E-004   8.4343299999999992        1.0252600000000001     
 Pt     2.8113800000000002        8.4343299999999992        1.0252699999999999     
 Pt     5.6228600000000002        8.4343299999999992        1.0252600000000001     
 Pt     8.4343299999999992        8.4343299999999992        1.0252699999999999     
