 O      9.4071599999999993       0.21914000000000000        28.491370000000000     
 H      9.4240499999999994        1.1770099999999999        28.191400000000002     
 H      8.4206400000000006       -5.1780000000000000E-002   28.308290000000000     
 O      6.4073799999999999        8.7126800000000006        28.499780000000001     
 H      7.3720200000000000        8.6095000000000006        28.329519999999999     
 H      6.0799200000000004        7.8700400000000004        28.897620000000000     
 Pt     1.4056599999999999        1.4056599999999999        34.914740000000002     
 Pt     4.2171599999999998        1.4056599999999999        34.914740000000002     
 Pt     7.0286299999999997        1.4056599999999999        34.914729999999999     
 Pt     9.8401300000000003        1.4056599999999999        34.914749999999998     
 Pt     1.4056599999999999        4.2171599999999998        34.914740000000002     
 Pt     4.2171599999999998        4.2171599999999998        34.914740000000002     
 Pt     7.0286299999999997        4.2171599999999998        34.914729999999999     
 Pt     9.8401300000000003        4.2171599999999998        34.914749999999998     
 Pt     1.4056599999999999        7.0286299999999997        34.914729999999999     
 Pt     4.2171599999999998        7.0286299999999997        34.914729999999999     
 Pt     7.0286299999999997        7.0286299999999997        34.914729999999999     
 Pt     9.8401300000000003        7.0286299999999997        34.914740000000002     
 Pt     1.4056599999999999        9.8401300000000003        34.914749999999998     
 Pt     4.2171599999999998        9.8401300000000003        34.914749999999998     
 Pt     7.0286299999999997        9.8401300000000003        34.914740000000002     
 Pt     9.8401300000000003        9.8401300000000003        34.914749999999998     
 Pt    -9.0000000000000006E-005  -9.0000000000000006E-005   32.883609999999997     
 Pt     2.8114499999999998       -9.0000000000000006E-005   32.883589999999998     
 Pt     5.6229100000000001       -9.0000000000000006E-005   32.883589999999998     
 Pt     8.4343800000000009       -9.0000000000000006E-005   32.883589999999998     
 Pt    -9.0000000000000006E-005   2.8114499999999998        32.883589999999998     
 Pt     2.8114499999999998        2.8114499999999998        32.883580000000002     
 Pt     5.6229100000000001        2.8114499999999998        32.883569999999999     
 Pt     8.4343800000000009        2.8114499999999998        32.883580000000002     
 Pt    -9.0000000000000006E-005   5.6229100000000001        32.883589999999998     
 Pt     2.8114499999999998        5.6229100000000001        32.883569999999999     
 Pt     5.6229100000000001        5.6229100000000001        32.883569999999999     
 Pt     8.4343800000000009        5.6229100000000001        32.883569999999999     
 Pt    -9.0000000000000006E-005   8.4343800000000009        32.883589999999998     
 Pt     2.8114499999999998        8.4343800000000009        32.883580000000002     
 Pt     5.6229100000000001        8.4343800000000009        32.883569999999999     
 Pt     8.4343800000000009        8.4343800000000009        32.883580000000002     
 Pt     1.3330299999999999        1.3115600000000001        30.800940000000001     
 Pt     4.1452299999999997        1.4662900000000001        30.804970000000001     
 Pt     6.9226599999999996        1.5098700000000000        30.819450000000000     
 Pt     9.8128899999999994        1.4541200000000001        30.787859999999998     
 Pt     1.2888999999999999        4.0145799999999996        30.745069999999998     
 Pt     4.1554399999999996        4.1887800000000004        30.782820000000001     
 Pt     6.9430199999999997        4.3159799999999997        30.794409999999999     
 Pt     9.7172900000000002        4.2355499999999999        30.800850000000001     
 Pt     1.4289600000000000        6.7311199999999998        30.796489999999999     
 Pt     4.1308699999999998        6.8913599999999997        30.834689999999998     
 Pt     6.9557200000000003        7.0777599999999996        30.959360000000000     
 Pt     9.7233000000000001        6.9516400000000003        30.746520000000000     
 Pt     1.5452999999999999        9.7023200000000003        30.862420000000000     
 Pt     4.2274900000000004        9.7990499999999994        30.933620000000001     
 Pt     7.1670900000000000        9.9740599999999997        30.843309999999999     
 Pt     9.9022600000000001        9.7938500000000008        30.835770000000000     
