 O      4.1634700000000002       0.70047999999999999        28.260100000000001     
 H      4.9827100000000000       0.34449999999999997        27.914429999999999     
 H      3.7861500000000001        1.4118400000000000        27.655889999999999     
 O      1.7511800000000000        9.9070199999999993        28.607370000000000     
 H     0.83806999999999998        10.294549999999999        28.097130000000000     
 H      2.3123900000000002        10.698930000000001        28.539200000000001     
 O      9.4702000000000002        1.2303400000000000        28.711320000000001     
 H      9.6524300000000007        2.2156300000000000        28.299969999999998     
 H      8.4773700000000005        1.0782300000000000        28.436950000000000     
 Pt     1.4056599999999999        1.4056599999999999        34.914740000000002     
 Pt     4.2171599999999998        1.4056599999999999        34.914740000000002     
 Pt     7.0286299999999997        1.4056599999999999        34.914729999999999     
 Pt     9.8401300000000003        1.4056599999999999        34.914749999999998     
 Pt     1.4056599999999999        4.2171599999999998        34.914740000000002     
 Pt     4.2171599999999998        4.2171599999999998        34.914740000000002     
 Pt     7.0286299999999997        4.2171599999999998        34.914729999999999     
 Pt     9.8401300000000003        4.2171599999999998        34.914749999999998     
 Pt     1.4056599999999999        7.0286299999999997        34.914729999999999     
 Pt     4.2171599999999998        7.0286299999999997        34.914729999999999     
 Pt     7.0286299999999997        7.0286299999999997        34.914729999999999     
 Pt     9.8401300000000003        7.0286299999999997        34.914740000000002     
 Pt     1.4056599999999999        9.8401300000000003        34.914749999999998     
 Pt     4.2171599999999998        9.8401300000000003        34.914749999999998     
 Pt     7.0286299999999997        9.8401300000000003        34.914740000000002     
 Pt     9.8401300000000003        9.8401300000000003        34.914749999999998     
 Pt    -9.0000000000000006E-005  -9.0000000000000006E-005   32.883609999999997     
 Pt     2.8114499999999998       -9.0000000000000006E-005   32.883589999999998     
 Pt     5.6229100000000001       -9.0000000000000006E-005   32.883589999999998     
 Pt     8.4343800000000009       -9.0000000000000006E-005   32.883589999999998     
 Pt    -9.0000000000000006E-005   2.8114499999999998        32.883589999999998     
 Pt     2.8114499999999998        2.8114499999999998        32.883580000000002     
 Pt     5.6229100000000001        2.8114499999999998        32.883569999999999     
 Pt     8.4343800000000009        2.8114499999999998        32.883580000000002     
 Pt    -9.0000000000000006E-005   5.6229100000000001        32.883589999999998     
 Pt     2.8114499999999998        5.6229100000000001        32.883569999999999     
 Pt     5.6229100000000001        5.6229100000000001        32.883569999999999     
 Pt     8.4343800000000009        5.6229100000000001        32.883569999999999     
 Pt    -9.0000000000000006E-005   8.4343800000000009        32.883589999999998     
 Pt     2.8114499999999998        8.4343800000000009        32.883580000000002     
 Pt     5.6229100000000001        8.4343800000000009        32.883569999999999     
 Pt     8.4343800000000009        8.4343800000000009        32.883580000000002     
 Pt     1.3822600000000000        1.1907700000000001        30.878530000000001     
 Pt     4.2634600000000002        1.2540000000000000        30.692990000000002     
 Pt     7.1095600000000001        1.2776300000000000        30.851260000000000     
 Pt     9.8416200000000007        1.1874600000000000        30.785530000000001     
 Pt     1.4790500000000000        4.1841699999999999        30.911660000000001     
 Pt     4.2283499999999998        4.1656199999999997        30.916810000000002     
 Pt     7.1059500000000000        4.0930099999999996        30.837769999999999     
 Pt     9.9613099999999992        4.0536099999999999        30.838889999999999     
 Pt     1.4494499999999999        6.9641700000000002        30.861339999999998     
 Pt     4.2747700000000002        6.9189200000000000        30.897169999999999     
 Pt     7.1356299999999999        7.0243700000000002        30.777439999999999     
 Pt     9.8470800000000001        6.9353100000000003        30.869560000000000     
 Pt     1.4087099999999999        9.6451700000000002        30.687729999999998     
 Pt     4.2339599999999997        9.7358700000000002        30.745360000000002     
 Pt     6.9521600000000001        9.7372599999999991        30.748529999999999     
 Pt     9.7008200000000002        9.7076100000000007        30.782409999999999     
