O      8.86547   8.43037   7.77673
H      9.17853   7.46877   7.78264
H      9.75668   8.97623   7.79153
O      6.67550   9.75100   8.71569
H      6.10483   9.09892   9.24072
H      7.21139   9.20994   8.13552
O      2.20524   2.54122  18.51909
H      2.36406   2.24731  17.56661
H      3.10481   2.77188  18.81233
O      7.90623  11.04959  12.31384
H      7.37687  11.72482  11.83994
H      7.55112  11.19765  13.21961
O      9.31521   2.71623  27.68608
H     10.09497   3.23383  27.42918
H      8.53475   3.19074  27.30315
O      9.62417   5.90906  24.57430
H      9.58938   5.30982  25.37103
H     10.08644   6.71025  24.83026
O     -0.17015   8.71886  17.40702
H     -0.83617   8.71723  18.18386
H      0.01792   9.69521  17.13224
O      5.97927   0.35025  14.29760
H      5.21888   0.42873  13.68341
H      5.80851  -0.52284  14.68975
O     11.49865   4.82423  21.92724
H     11.05965   5.40164  22.55048
H     11.42171   5.23974  21.01909
O      6.08665   3.62164  27.52113
H      5.23710   4.14032  27.53653
H      6.15376   3.07616  28.35759
O      2.14400   9.26992  14.18367
H      1.44404   9.85112  13.73860
H      2.94716   9.79638  13.95407
O      4.33983   1.91887  23.18320
H      4.61342   1.00454  22.95549
H      3.45091   2.14834  22.84330
O      0.71138   6.00507  27.14830
H      0.66411   6.47903  28.04162
H      1.41927   6.44642  26.65425
O      0.93440  -0.10499  16.63388
H      1.73417  -0.29111  17.18672
H      1.00088  -0.30315  15.67841
O      0.98472   6.21602   9.42069
H      1.26921   5.41533   9.88092
H      0.82962   6.91626  10.18310
O      6.26431   3.83638  22.32124
H      7.13966   3.88319  21.89729
H      5.89248   2.99669  22.14747
O      8.93434   8.59413  27.29748
H      9.84420   8.51157  27.65857
H      8.86677   8.16789  26.38583
O      4.04770   0.97481  27.98254
H      4.95304   0.90373  28.23370
H      3.92953   1.70011  27.35509
O      2.82980   9.94566  27.29644
H      1.87011   9.85917  27.39449
H      3.11107  10.77772  27.68156
O      5.96533   8.90953  11.96416
H      6.52134   8.09817  11.88644
H      6.69175   9.55314  12.10313
O      3.41707   8.98214  10.94494
H      4.19696   8.91398  11.52151
H      2.54593   9.17208  11.30965
O      1.35134   0.48318  20.05009
H      1.93549  -0.16480  19.64144
H      1.54953   1.31243  19.56248
O     11.33446   6.48824  19.76197
H     10.58042   7.04575  19.50992
H     11.44890   5.90076  18.99289
O     10.80929  10.19776   8.22844
H     11.47684  10.18777   7.51511
H     10.19151  10.85895   7.85421
O      8.79569  10.36700  14.94716
H      8.88496  11.15993  15.61152
H      8.64380   9.55085  15.54065
O      1.97038  10.59973  22.96538
H      2.50767  10.54243  22.16530
H      2.60329  10.61583  23.68079
O      0.38188   4.60835  17.88757
H      0.97842   3.82395  18.12915
H      0.87211   5.03906  17.12560
O      0.14848   6.68203  14.14064
H      0.90915   6.25755  14.60037
H     -0.54181   7.15667  14.71955
O      1.02490   1.50450   8.15947
H      0.16666   1.30544   8.63377
H      0.67404   1.61833   7.20551
O      2.00403   5.51598  15.65873
H      2.49924   4.64054  15.64298
H      2.58239   6.32260  15.68171
O      4.26643   6.61921  13.52120
H      3.81922   6.26305  12.69312
H      4.95655   5.95920  13.70152
O      8.78897   1.57079  19.75847
H      9.26344   0.87516  20.25381
H      7.84227   1.37929  19.99224
O      9.67285   9.57785  10.64014
H      8.96172   9.91024  11.26639
H      9.25280   9.21843   9.83167
O      5.43815  11.50941   7.28956
H      4.42609  11.36603   7.46651
H      5.89094  10.79705   7.94535
O      3.86190   1.23212  12.75149
H      3.40598   1.05863  11.90407
H      4.36133   2.11104  12.65275
O      2.50915   7.67740  21.25458
H      1.77745   7.77919  20.62762
H      2.84385   8.54213  21.57039
O      5.22545   2.23743  15.93728
H      5.49872   1.50082  15.30029
H      5.85511   2.99873  15.80685
O      6.82102   9.04791  17.63796
H      6.40674   9.91973  17.84889
H      6.25366   8.23778  17.67338
O      4.50650   3.02442  20.06404
H      3.99825   2.87817  20.85390
H      4.54532   3.97733  19.94508
O      5.50320   0.16153  17.74063
H      5.69369   0.86243  17.10592
H      5.53741   0.53424  18.65850
O      4.87319   3.74706  11.49343
H      4.41669   3.17012  10.81528
H      5.80710   3.60036  11.50587
O      8.26679   4.06760  12.32630
H      8.16160   3.54845  11.50597
H      9.28289   3.95010  12.53364
O      6.84941   6.65339  15.43946
H      6.28129   6.81268  16.23050
H      6.91220   5.71703  15.29288
O      1.35679   2.32664  13.82961
H      2.09761   2.09831  13.25058
H      0.82253   3.14915  13.56178
O      2.75876   8.37822   8.35512
H      3.20428   8.28552   9.27178
H      2.32141   7.52382   8.19431
O      7.23868   8.43692  22.26546
H      7.37462   8.17548  23.21873
H      7.50952   7.68302  21.71777
O     11.70954   0.77454  24.50943
H     12.09614   0.37184  23.71775
H     12.04845   1.72262  24.41738
O     10.25812   8.21533  22.09826
H     10.41515   8.44433  23.00732
H      9.34713   8.29580  21.89380
O      2.53855   8.30810  16.63643
H      2.33265   8.61226  15.59450
H      1.67763   8.18350  17.08258
O      8.58220   1.01730   8.01825
H      8.91170   1.46549   7.19611
H      7.67342   0.71713   7.88629
O      5.45844   7.90952  25.66938
H      5.42768   7.18345  25.03053
H      6.24281   7.50975  26.15392
O     11.09625  -0.16172  13.38020
H     11.32726   0.75939  13.65540
H     10.48296  -0.61809  13.98942
O     10.75537   4.17733  13.65847
H     10.89819   5.18177  13.80601
H     10.31260   3.97008  14.54897
O      5.58719   5.49105  24.47334
H      5.92387   4.97458  23.63872
H      4.60686   5.69150  24.18713
O      9.45037   7.66092  15.62805
H      8.48399   7.31225  15.70134
H      9.77732   8.08267  16.42475
O      7.52455   4.72719   8.80771
H      8.46334   5.04182   8.64028
H      7.16868   4.78667   7.91403
O      0.13253   8.21645  24.50598
H      0.77258   8.62029  25.08724
H      0.72620   7.71058  23.87647
O      6.97310   0.13578  27.23207
H      6.40016  -0.62024  27.46727
H      7.24211  -0.06267  26.32915
O      8.07784   2.16229  10.54496
H      7.79405   2.41218   9.63932
H      8.70442   1.44080  10.59821
O      9.81016   5.87120   8.06431
H     10.78136   5.94303   8.40181
H      9.82749   5.49587   7.13638
O      2.33794   3.05835  21.78204
H      1.65049   3.72807  22.05570
H      1.73377   2.28498  21.74911
O      9.40716   0.21914  28.49137
H      9.42405   1.17701  28.19140
H      8.42064  -0.05178  28.30829
O      8.55861   4.07520  20.76551
H      8.62311   3.33341  20.13754
H      9.41893   3.99057  21.27371
O      9.09072   8.56453  19.23298
H      8.20603   8.84445  18.87604
H      9.42708   9.30235  19.79284
O      6.25308   0.87938  20.34493
H      5.50491   1.54416  20.35548
H      6.31616   0.50629  21.25858
O      1.78121   3.63778  24.65813
H      1.82882   3.05364  25.45611
H      1.04403   4.20006  24.85479
O      7.10242  11.14458  22.52370
H      7.63402  11.49317  23.25690
H      7.58038  10.34246  22.31104
O      4.54938   6.71784  17.45828
H      3.99421   7.52378  17.47407
H      4.61414   6.47397  18.41151
O      6.40738   8.71268  28.49978
H      7.37202   8.60950  28.32952
H      6.07992   7.87004  28.89762
O      3.01133   7.61695  26.17353
H      2.98829   8.40616  26.76648
H      3.96216   7.68891  25.89357
O     -0.52344  12.11467  10.61664
H     -0.69826  11.13794  10.59473
H     -0.57834  12.10924  11.60585
O      0.32724   7.81301  11.35023
H     -0.56072   8.23524  11.23885
H      0.37226   7.40487  12.25360
O      4.86490   9.16773  14.88044
H      4.78508   8.30714  15.30236
H      5.23507   8.97867  13.99439
O      2.74444   2.98110  16.01905
H      2.14469   2.64521  15.33194
H      3.66579   2.59367  15.93425
O     11.41053  10.17785  27.06648
H     11.23515  10.56269  26.21049
H     10.69604  10.41434  27.66380
O      4.33896   5.86618  27.87405
H      5.20147   6.12515  27.49140
H      3.68822   6.29056  27.26749
O      2.67056   0.79318  10.55351
H      2.99613   1.35359   9.86246
H      1.69931   0.84560  10.52974
O      4.42861   2.37353  25.92554
H      4.49686   2.11485  24.98073
H      5.34020   2.56638  26.25545
O      7.51005   3.23176  24.56657
H      6.95308   3.41443  23.78128
H      8.09487   3.98752  24.48816
O      4.11869  10.06193  21.34650
H      4.91487   9.46678  21.43008
H      4.07481  10.43953  20.47499
O      0.86558   3.50205  10.84974
H      0.40997   4.07012  11.50515
H      0.17810   2.84088  10.54749
O      2.88244   6.19563  23.75904
H      2.57918   5.23026  23.73163
H      2.53245   6.51215  24.62543
O      4.12449  10.43943  24.59306
H      4.03655  11.03012  25.42909
H      4.45566   9.63154  25.08437
O      9.71421   1.02326  16.99264
H      9.13124   1.11683  17.76285
H     10.61388   0.61478  17.13175
O      7.90730   6.87244  12.07305
H      7.95034   5.91771  12.22481
H      8.35034   6.86597  11.19955
O      0.70911   3.36547  27.29740
H      0.88034   4.32682  27.54341
H      1.11094   2.95878  28.10517
O      9.61462   3.67481  16.29493
H      9.65030   2.76474  16.69938
H     10.28783   4.09808  16.90101
O      4.51038   2.60470   8.64168
H      3.84114   2.72251   7.94445
H      5.13671   2.06685   8.17522
O      7.21685   4.01817  15.02177
H      7.56790   4.04525  14.13515
H      8.03631   3.80768  15.64374
O      2.73795  10.79337   7.49210
H      1.98751  11.22122   8.01044
H      2.71406   9.82000   7.58748
O     10.34816  10.33193  20.78801
H     11.14448  10.84632  20.57367
H     10.58178   9.51114  21.37222
O      4.60686   6.07448  20.39350
H      3.82799   6.57873  20.78192
H      5.38375   6.46030  20.81026
O      3.08835  10.29773  18.11181
H      2.99276   9.63966  17.37527
H      3.96747  10.81840  17.93182
O      8.86247   0.81571  24.57741
H      8.39422   1.73820  24.66249
H      9.81760   1.01810  24.49633
O      7.65098   6.43874  20.53400
H      8.27224   5.70537  20.58983
H      8.18905   7.03077  19.97390
O      7.58848   6.10182  27.28313
H      7.65172   6.19466  28.30533
H      7.36652   5.12882  27.26476
O      6.19572   6.78697   9.88067
H      6.60192   5.94984   9.50355
H      5.38327   6.37066  10.04362
Pt    -0.05453  -0.05883   5.09146
Pt     2.67397  -0.04728   5.14539
Pt     5.70677  -0.04024   5.11292
Pt     8.44227  -0.01343   5.16715
Pt    -0.01175   2.85660   5.19330
Pt     2.76113   2.80182   5.10478
Pt     5.68270   2.89149   5.06623
Pt     8.54413   2.79965   5.04152
Pt     0.02673   5.67567   5.08880
Pt     2.87757   5.71165   5.21403
Pt     5.69333   5.62086   5.27254
Pt     8.36536   5.49808   5.11422
Pt     0.05954   8.46094   5.16142
Pt     2.97651   8.42674   5.17551
Pt     5.69909   8.43975   5.10077
Pt     8.37236   8.24914   5.11537
Pt     1.40560   1.40560   3.05641
Pt     4.21710   1.40560   3.05642
Pt     7.02856   1.40560   3.05642
Pt     9.84007   1.40560   3.05641
Pt     1.40560   4.21710   3.05642
Pt     4.21710   4.21710   3.05642
Pt     7.02856   4.21710   3.05643
Pt     9.84007   4.21710   3.05641
Pt     1.40560   7.02856   3.05642
Pt     4.21710   7.02856   3.05643
Pt     7.02856   7.02856   3.05643
Pt     9.84007   7.02856   3.05642
Pt     1.40560   9.84007   3.05641
Pt     4.21710   9.84007   3.05641
Pt     7.02856   9.84007   3.05642
Pt     9.84007   9.84007   3.05640
Pt    -0.00014  -0.00014   1.02525
Pt     2.81138  -0.00014   1.02526
Pt     5.62286  -0.00014   1.02525
Pt     8.43433  -0.00014   1.02526
Pt    -0.00014   2.81138   1.02526
Pt     2.81138   2.81138   1.02527
Pt     5.62286   2.81138   1.02526
Pt     8.43433   2.81138   1.02527
Pt    -0.00014   5.62286   1.02525
Pt     2.81138   5.62286   1.02526
Pt     5.62286   5.62286   1.02526
Pt     8.43433   5.62286   1.02526
Pt    -0.00014   8.43433   1.02526
Pt     2.81138   8.43433   1.02527
Pt     5.62286   8.43433   1.02526
Pt     8.43433   8.43433   1.02527
Pt     1.40566   1.40566  34.91474
Pt     4.21716   1.40566  34.91474
Pt     7.02863   1.40566  34.91473
Pt     9.84013   1.40566  34.91475
Pt     1.40566   4.21716  34.91474
Pt     4.21716   4.21716  34.91474
Pt     7.02863   4.21716  34.91473
Pt     9.84013   4.21716  34.91475
Pt     1.40566   7.02863  34.91473
Pt     4.21716   7.02863  34.91473
Pt     7.02863   7.02863  34.91473
Pt     9.84013   7.02863  34.91474
Pt     1.40566   9.84013  34.91475
Pt     4.21716   9.84013  34.91475
Pt     7.02863   9.84013  34.91474
Pt     9.84013   9.84013  34.91475
Pt    -0.00009  -0.00009  32.88361
Pt     2.81145  -0.00009  32.88359
Pt     5.62291  -0.00009  32.88359
Pt     8.43438  -0.00009  32.88359
Pt    -0.00009   2.81145  32.88359
Pt     2.81145   2.81145  32.88358
Pt     5.62291   2.81145  32.88357
Pt     8.43438   2.81145  32.88358
Pt    -0.00009   5.62291  32.88359
Pt     2.81145   5.62291  32.88357
Pt     5.62291   5.62291  32.88357
Pt     8.43438   5.62291  32.88357
Pt    -0.00009   8.43438  32.88359
Pt     2.81145   8.43438  32.88358
Pt     5.62291   8.43438  32.88357
Pt     8.43438   8.43438  32.88358
Pt     1.33303   1.31156  30.80094
Pt     4.14523   1.46629  30.80497
Pt     6.92266   1.50987  30.81945
Pt     9.81289   1.45412  30.78786
Pt     1.28890   4.01458  30.74507
Pt     4.15544   4.18878  30.78282
Pt     6.94302   4.31598  30.79441
Pt     9.71729   4.23555  30.80085
Pt     1.42896   6.73112  30.79649
Pt     4.13087   6.89136  30.83469
Pt     6.95572   7.07776  30.95936
Pt     9.72330   6.95164  30.74652
Pt     1.54530   9.70232  30.86242
Pt     4.22749   9.79905  30.93362
Pt     7.16709   9.97406  30.84331
Pt     9.90226   9.79385  30.83577
