O      8.70358   7.58853   8.51555
H      8.93616   6.66071   8.33944
H      9.30295   8.14950   8.02950
O      6.08040   8.35820   8.02308
H      5.37024   7.64230   8.15801
H      6.97027   8.01953   8.09172
O      1.65449   2.19631  18.40419
H      1.91225   2.13982  17.46188
H      2.35727   2.80216  18.67537
O      7.18058  10.76220  11.20781
H      7.83763  11.53505  11.08917
H      6.88400  11.00994  12.13812
O     10.08112   3.37195  27.69119
H     10.91911   3.72922  28.03091
H      9.59576   4.06029  27.13610
O     10.83796   5.22158  24.68093
H      9.99383   5.42212  25.13032
H     11.48944   6.03587  24.78152
O      0.21632   8.45144  16.69353
H      1.04855   8.20900  17.13561
H      0.31470   9.36829  16.37187
O      5.56686   0.61693  13.86229
H      4.96109   0.96740  13.13537
H      5.56087  -0.33760  14.06407
O     11.26642   4.36261  22.41219
H     11.07182   4.79337  23.29905
H     11.49801   5.04137  21.69758
O      5.97617   3.82442  27.69343
H      5.45124   4.65700  27.90176
H      6.22586   3.42262  28.54838
O      3.16723  10.00007  12.41983
H      2.61327   9.35828  11.94495
H      3.99738   9.70632  11.95472
O      4.38903   2.18480  23.03908
H      4.57911   1.29500  22.70845
H      3.45426   2.31320  22.93869
O      0.18145   6.06268  27.89872
H     -0.12351   6.07003  28.88363
H      1.13960   5.90223  27.89936
O      0.84274  -0.09722  16.13409
H      1.69810  -0.32750  16.53481
H      0.93691   0.32197  15.23633
O      0.55366   6.11689   9.55441
H      1.34234   5.61003   9.85727
H      0.32110   6.66239  10.35958
O      6.88824   3.60791  23.25730
H      7.24140   3.53294  22.30725
H      5.98746   3.12380  23.13301
O     10.00010   8.27478  26.61692
H     10.31907   9.21333  26.74184
H     10.56158   7.71582  27.19796
O      3.99135   0.38303  28.64889
H      4.97860   0.15739  28.49496
H      3.88573   0.92067  27.78662
O      1.83053   9.96894  28.56949
H      1.22202  10.64285  28.06858
H      2.57873  10.63968  28.76402
O      6.17798   8.46401  11.81841
H      6.64282   7.58969  12.05187
H      6.91152   9.08004  11.57611
O      3.88692   8.61906  10.08884
H      4.69847   8.64503  10.64679
H      3.37130   7.78449  10.28035
O      1.48799   0.26368  20.48971
H      2.15255  -0.37848  20.14972
H      1.40596   0.89749  19.70130
O     11.23636   6.37394  20.59181
H     10.26200   6.40993  20.73843
H     11.29149   5.81837  19.71235
O     10.55523   9.48003   7.93747
H     11.46895   9.39753   7.72754
H     10.36453  10.38561   7.53818
O      8.72602  10.32194  14.52525
H      8.83400  10.98141  15.23181
H      9.13592   9.52288  14.88771
O      1.30286  10.03448  23.15005
H      1.00582  10.36073  22.32414
H      2.25994  10.27971  23.27466
O      0.23435   4.83034  18.30156
H      0.71508   4.00684  18.61996
H      0.89157   5.33585  17.73672
O      0.11830   6.46556  14.05211
H      0.63610   6.08011  14.79031
H     -0.66433   6.86375  14.57223
O      0.91514   1.89254   8.15548
H     -0.00297   1.61604   8.39197
H      0.77832   2.70272   7.65274
O      2.14133   5.54532  16.24166
H      2.24254   4.52395  16.14010
H      3.01788   5.89969  16.40509
O      4.25762   5.11832  13.32178
H      4.67112   5.42644  14.12658
H      3.40336   5.63712  13.30387
O      8.60658   1.31686  19.03854
H      9.22659   0.70702  19.52430
H      7.70137   1.21499  19.44829
O      9.46797   8.48319  10.85837
H      9.08093   9.36686  10.85664
H      9.11799   8.07925   9.99879
O      5.62331  10.80469   7.29035
H      4.73405  10.94026   7.64515
H      5.85417   9.83267   7.42203
O      3.98566   2.14977  12.37532
H      3.58301   1.86318  11.53717
H      4.77058   2.73586  12.10102
O      2.32571   7.55249  21.85246
H      1.55459   7.09039  21.44463
H      2.07071   7.75015  22.78313
O      5.48816   2.31171  15.92027
H      5.55309   1.56362  15.26812
H      6.20206   2.94346  15.86912
O      7.26371  10.10826  17.54368
H      6.47031  10.58123  17.73478
H      7.38933  10.07708  16.60099
O      3.57839   3.74546  19.89466
H      2.97670   3.48808  20.60671
H      3.76572   4.68390  20.18834
O      5.07260   0.68422  17.96119
H      5.51482   1.23161  17.29906
H      5.43537   0.83080  18.84397
O      5.57764   4.36737  10.67667
H      6.27207   4.60428   9.99851
H      5.54812   4.99784  11.40165
O      8.13622   3.98199  13.00661
H      7.86345   3.21441  12.43008
H      9.07543   3.87889  13.14694
O      6.75029   6.89779  15.59289
H      6.31980   6.86143  16.44234
H      6.98610   5.93320  15.53289
O      1.16770   1.73200  13.86549
H      1.90241   1.59689  13.25002
H      0.77642   2.64688  13.77845
O      2.20951   8.92105   8.12393
H      2.60303   8.92838   9.07890
H      2.06145   7.99184   7.90283
O      7.60072   8.67640  22.20141
H      7.33060   8.46014  23.10576
H      7.56224   7.76964  21.82861
O     10.56049  -0.02561  24.61836
H     10.68243  -0.70776  23.92958
H     11.32146   0.58111  24.48439
O      9.99343   9.69144  22.45354
H     10.70960   8.98722  22.26907
H      9.11400   9.21197  22.38627
O      3.13656   8.40214  15.57773
H      3.97729   8.46933  15.03941
H      2.46133   8.66400  14.91302
O      9.61514   1.00148   8.00599
H      8.99568   1.73047   7.64729
H      9.17889   0.84164   8.84101
O      5.90172   8.47943  25.07622
H      5.49345   7.67859  24.69096
H      6.32082   8.25579  25.94248
O     10.04383   0.35393  12.64884
H     10.65691   0.71755  13.30666
H      9.45696  -0.26247  13.10336
O     10.76056   3.75594  13.86275
H     11.14772   4.66888  13.80451
H     10.47748   3.82547  14.83609
O      5.38495   5.94292  24.08213
H      6.02517   5.24937  23.93136
H      4.70385   5.37907  24.48963
O      9.32376   7.73013  15.40522
H      8.40869   7.50634  15.73312
H      9.72498   7.82406  16.30486
O      7.39352   3.43506   8.78193
H      7.91364   3.79325   8.07268
H      6.48179   3.14846   8.52600
O      1.18869   7.25844  24.49299
H      0.75668   8.04865  24.91616
H      1.93005   6.94237  25.05540
O      6.96671   0.02541  27.84217
H      7.08039  -1.02147  27.97225
H      6.94295   0.03462  26.79861
O      8.56713   1.93207  10.74797
H      8.33209   2.63176  10.08841
H      9.42663   2.12738  11.27025
O      9.69440   5.05446   8.05305
H     10.55565   5.23614   8.57079
H      9.97181   5.07583   7.10548
O      1.97276   2.84119  21.92398
H      1.22023   3.40069  22.35800
H      1.57613   2.02918  21.69277
O      9.44795   1.21992  28.67240
H      9.49735   2.19762  28.29211
H      8.57970   0.87502  28.46600
O      8.65738   3.84829  21.33898
H      8.76151   3.20504  20.64269
H      9.59443   3.95239  21.66764
O      8.46863   8.07283  18.63732
H      7.93253   8.83730  18.33464
H      9.27816   8.46975  19.04963
O      6.18450   1.68879  20.59576
H      5.66086   2.50832  20.61572
H      5.87217   1.10636  21.42182
O      0.63150   2.65506  25.19499
H      0.90525   2.86626  26.11793
H      0.14369   3.41406  24.91005
O      6.22227  11.23997  22.62707
H      7.03174  11.40676  23.20366
H      6.51691  10.46241  22.15409
O      4.48153   6.80422  17.51038
H      3.90358   7.61273  17.44966
H      4.34747   6.46480  18.43987
O      7.25869   8.50126  27.54137
H      8.11305   8.53956  27.09808
H      7.19215   7.82891  28.25345
O      3.51263   8.15474  26.95616
H      3.03858   8.82911  27.51027
H      4.18347   8.69087  26.46988
O      0.06580  11.07864  10.20042
H     -0.22057  10.13011  10.01147
H     -0.30253  11.20218  11.08410
O      1.00879   7.76992  11.76056
H      0.15089   8.25541  11.63136
H      0.83939   7.40463  12.65941
O      5.44349   9.05105  14.26815
H      6.04498   8.32722  14.59996
H      5.57071   8.87536  13.26740
O      2.81149   2.74709  15.99607
H      2.49700   2.43000  15.05145
H      3.80571   2.72605  15.96174
O     11.09831  10.92841  27.36164
H     11.14742  11.39942  26.50653
H     10.53274  11.45222  28.02981
O      3.44993   5.56277  27.59180
H      3.29804   5.36628  28.55994
H      3.71262   6.50122  27.59317
O      2.91796   0.67098  10.35798
H      3.14031  -0.01063  11.11724
H      2.00514   0.35106  10.27630
O      4.03378   2.41748  26.55605
H      4.54901   2.24429  25.74959
H      4.42547   3.17812  26.98838
O      8.19690   4.15603  25.72371
H      7.80909   4.25163  24.79128
H      7.44004   4.06114  26.31375
O      3.63926   9.54136  20.45842
H      3.84166   8.92642  19.73947
H      2.95286   9.07653  21.06673
O      2.84802   4.52400  10.14190
H      2.49779   3.62227  10.05715
H      3.83063   4.37996  10.17463
O      2.38862   5.14307  25.09876
H      2.42574   4.23342  24.74524
H      2.68312   5.06212  26.02843
O      3.86889  10.45968  23.86159
H      3.76331  10.62022  24.80701
H      4.71912  10.01232  23.88286
O      9.51502   0.69964  16.62601
H      9.16121   0.52246  17.48919
H     10.48814   0.46869  16.57880
O      7.73623   6.39987  12.32784
H      7.92473   5.46303  12.45024
H      8.54350   6.82500  12.00689
O      1.49556   3.04430  27.92279
H      2.07872   3.42369  28.71412
H      1.40441   2.08300  28.16672
O      9.87716   3.30364  16.30772
H      9.94647   2.31606  16.51895
H     10.24941   3.68007  17.10219
O      4.89117   2.70239   8.28734
H      4.78663   2.60110   7.30012
H      4.34117   1.94809   8.60947
O      7.39014   3.97702  15.54663
H      7.69610   3.77195  14.62773
H      8.15308   3.77612  16.08666
O      2.74735  11.39790   7.49247
H      2.00731  12.06182   7.78385
H      2.46677  10.45146   7.64709
O     10.31048  10.20921  19.83100
H     11.17159  10.64863  19.90048
H      9.91537  10.20559  20.72477
O      4.16369   6.30319  20.39470
H      3.58097   6.48914  21.17422
H      5.07416   6.54705  20.71680
O      3.01102  10.28388  17.46033
H      3.38732   9.88357  16.63685
H      3.66065  10.94080  17.83169
O      7.81422   0.84873  24.51187
H      7.66880   1.81884  24.44308
H      8.78891   0.74884  24.51123
O      7.39993   6.44192  20.68719
H      7.73263   5.54222  20.70790
H      7.85626   6.88990  19.91514
O      8.14769   6.03189  28.14171
H      9.00515   6.37115  27.76029
H      8.31966   6.09306  29.15462
O      3.78748   5.63881   8.05727
H      3.37343   4.96080   8.63886
H      4.29781   5.03605   7.58847
Pt     0.04301   0.03832   5.09681
Pt     3.02164   0.08039   5.22748
Pt     5.65859   0.02044   5.14946
Pt     8.43647   0.20305   5.17546
Pt    -0.13848   2.85448   5.03640
Pt     2.72777   2.83218   5.17019
Pt     5.57614   2.96526   5.11558
Pt     8.31647   2.89966   5.11335
Pt    -0.07120   5.60600   5.18909
Pt     2.65659   5.60308   4.96807
Pt     5.75721   5.67848   4.97683
Pt     8.39336   5.79516   5.08422
Pt     0.01903   8.40280   5.17571
Pt     2.73145   8.33628   5.10852
Pt     5.56935   8.39472   5.08842
Pt     8.45115   8.54540   5.10562
Pt     1.40560   1.40560   3.05641
Pt     4.21710   1.40560   3.05642
Pt     7.02856   1.40560   3.05642
Pt     9.84007   1.40560   3.05641
Pt     1.40560   4.21710   3.05642
Pt     4.21710   4.21710   3.05642
Pt     7.02856   4.21710   3.05643
Pt     9.84007   4.21710   3.05641
Pt     1.40560   7.02856   3.05642
Pt     4.21710   7.02856   3.05643
Pt     7.02856   7.02856   3.05643
Pt     9.84007   7.02856   3.05642
Pt     1.40560   9.84007   3.05641
Pt     4.21710   9.84007   3.05641
Pt     7.02856   9.84007   3.05642
Pt     9.84007   9.84007   3.05640
Pt    -0.00014  -0.00014   1.02525
Pt     2.81138  -0.00014   1.02526
Pt     5.62286  -0.00014   1.02525
Pt     8.43433  -0.00014   1.02526
Pt    -0.00014   2.81138   1.02526
Pt     2.81138   2.81138   1.02527
Pt     5.62286   2.81138   1.02526
Pt     8.43433   2.81138   1.02527
Pt    -0.00014   5.62286   1.02525
Pt     2.81138   5.62286   1.02526
Pt     5.62286   5.62286   1.02526
Pt     8.43433   5.62286   1.02526
Pt    -0.00014   8.43433   1.02526
Pt     2.81138   8.43433   1.02527
Pt     5.62286   8.43433   1.02526
Pt     8.43433   8.43433   1.02527
Pt     1.40566   1.40566  34.91474
Pt     4.21716   1.40566  34.91474
Pt     7.02863   1.40566  34.91473
Pt     9.84013   1.40566  34.91475
Pt     1.40566   4.21716  34.91474
Pt     4.21716   4.21716  34.91474
Pt     7.02863   4.21716  34.91473
Pt     9.84013   4.21716  34.91475
Pt     1.40566   7.02863  34.91473
Pt     4.21716   7.02863  34.91473
Pt     7.02863   7.02863  34.91473
Pt     9.84013   7.02863  34.91474
Pt     1.40566   9.84013  34.91475
Pt     4.21716   9.84013  34.91475
Pt     7.02863   9.84013  34.91474
Pt     9.84013   9.84013  34.91475
Pt    -0.00009  -0.00009  32.88361
Pt     2.81145  -0.00009  32.88359
Pt     5.62291  -0.00009  32.88359
Pt     8.43438  -0.00009  32.88359
Pt    -0.00009   2.81145  32.88359
Pt     2.81145   2.81145  32.88358
Pt     5.62291   2.81145  32.88357
Pt     8.43438   2.81145  32.88358
Pt    -0.00009   5.62291  32.88359
Pt     2.81145   5.62291  32.88357
Pt     5.62291   5.62291  32.88357
Pt     8.43438   5.62291  32.88357
Pt    -0.00009   8.43438  32.88359
Pt     2.81145   8.43438  32.88358
Pt     5.62291   8.43438  32.88357
Pt     8.43438   8.43438  32.88358
Pt     1.37295   1.24942  30.86428
Pt     4.29535   1.27535  30.65515
Pt     7.10985   1.23270  30.83722
Pt     9.86666   1.17977  30.75215
Pt     1.47391   4.21102  30.91884
Pt     4.26343   4.18236  30.89288
Pt     7.13067   4.02422  30.83949
Pt     9.97428   4.08275  30.81388
Pt     1.46151   6.94638  30.86436
Pt     4.27147   6.88440  30.86866
Pt     7.12238   6.98482  30.82156
Pt     9.80772   6.91141  30.80317
Pt     1.41352   9.69069  30.69558
Pt     4.23562   9.72599  30.75591
Pt     6.97511   9.73236  30.73214
Pt     9.64513   9.71156  30.77099
