O      8.77468   8.44598   7.23177
H      9.15296   7.55288   7.49165
H      9.54306   9.12546   7.37994
O      6.74843   9.87270   9.01713
H      6.14908   9.70916   9.74812
H      6.80705   8.98562   8.59317
O      1.89244   2.75596  18.74541
H      2.11524   2.36907  17.83657
H      2.75518   2.91742  19.19494
O      8.00971  10.91715  12.40029
H      7.95589  11.82234  12.11090
H      8.28424  10.87682  13.37945
O      9.50181   2.64237  27.81845
H     10.51490   2.91090  27.80317
H      9.14362   2.76043  26.91111
O      9.12744   6.00322  24.76690
H      8.60833   6.53717  25.40207
H      9.96966   6.03767  25.35348
O     -0.10506   8.74324  17.69177
H     -0.98628   8.94303  18.21280
H      0.09906   9.62904  17.39369
O      5.83412   0.43899  14.30452
H      5.24781   0.69951  13.57201
H      5.59356  -0.47693  14.54920
O     11.38640   4.83240  22.00185
H     11.62353   5.32998  22.82604
H     11.72980   5.47188  21.28489
O      6.27558   3.84672  27.52509
H      5.65067   4.33368  28.10876
H      6.75869   3.17052  28.03804
O      2.17961   8.98967  14.49970
H      1.61028   9.71674  14.07669
H      3.12859   9.27480  14.43936
O      4.46584   2.05740  22.98101
H      4.79825   1.23452  22.59897
H      3.51828   1.93445  22.83227
O      0.92622   6.18148  27.39543
H      0.88102   6.75788  28.20605
H      1.69643   6.52312  26.90583
O      1.03827  -0.15084  16.71886
H      1.71619  -0.21187  17.44316
H      1.41121   0.39339  15.99633
O      0.83373   6.16901   9.36207
H      0.58898   5.25730   9.66500
H      0.50335   6.72564  10.11142
O      6.52723   4.02684  22.31800
H      7.38505   3.83204  21.81759
H      5.92856   3.27997  22.07657
O      8.87333   8.99711  27.31518
H      9.08489   8.52002  28.15262
H      9.69693   9.33138  27.01685
O      4.14626   0.88791  28.35977
H      5.07264   0.71964  27.96745
H      3.78329   1.58320  27.77771
O      2.83239   9.85447  27.24129
H      1.76565   9.84355  27.48300
H      3.23713  10.40187  27.95120
O      6.09040   9.16245  12.18247
H      6.81287   8.50950  12.14730
H      6.44421  10.05305  12.23348
O      3.53607   8.99261  11.01727
H      4.28712   8.80394  11.59225
H      2.89930   8.35315  11.39469
O      1.27392   0.47332  20.11908
H      2.14906   0.14672  19.90486
H      1.16993   1.18976  19.46034
O     11.66505   6.49564  19.74878
H     11.11061   7.19857  19.40975
H     11.69708   5.77968  19.04279
O     10.62429  10.42765   8.01431
H     10.87822  10.46409   7.07400
H      9.78795  10.96334   8.13303
O      8.82552  10.71478  14.92840
H      8.74881  11.11230  15.83822
H      8.93607   9.74118  15.15214
O      2.04110  10.52162  23.12139
H      2.20730  10.70118  22.19577
H      2.96868  10.58025  23.42930
O      0.38498   4.71300  17.60260
H      1.00086   3.97568  17.89985
H      0.95068   5.21407  16.95561
O      0.05621   6.65773  13.65933
H      0.88713   6.80061  14.13856
H     -0.47347   7.08668  14.34080
O      0.93677   1.48683   7.91870
H      0.25414   0.85243   8.13198
H      0.57561   1.84512   7.04292
O      2.00870   5.67889  15.67888
H      2.47371   4.80853  15.57476
H      2.75169   6.28778  15.75739
O      4.23504   6.43086  13.47374
H      3.94044   5.56481  13.30309
H      5.17918   6.25906  13.71154
O      8.83548   1.24211  19.52768
H      9.09691   0.51954  20.20066
H      7.82519   1.32743  19.59340
O      9.52402   9.75616  10.62360
H      9.05260  10.00726  11.44378
H      8.86267   9.22262  10.17873
O      5.37958  11.56714   7.30370
H      4.37001  11.38844   7.42766
H      5.82135  10.83102   7.76462
O      3.84038   1.10089  12.71139
H      3.47007   0.55249  12.01064
H      4.11832   1.93021  12.19406
O      2.79926   7.70300  20.90062
H      1.89503   7.45199  20.54079
H      3.07628   8.55833  20.53879
O      5.40885   2.46264  15.99817
H      5.52766   1.65173  15.38483
H      5.92719   3.14760  15.47644
O      6.91658   8.94785  17.92566
H      6.49073   9.75672  17.60955
H      6.15618   8.35682  17.87401
O      4.27911   2.99771  20.15260
H      3.71742   3.03543  20.91648
H      4.26662   3.96856  20.04297
O      6.06223   0.32424  17.45622
H      6.07530   1.23854  17.02682
H      6.34406   0.66989  18.37348
O      4.67100   3.72463  11.54381
H      4.65038   3.58509  10.58456
H      5.37010   4.40937  11.67680
O      8.01175   4.14359  12.46095
H      7.84673   3.36338  11.84873
H      9.02787   4.16468  12.68748
O      6.83049   6.92722  15.41698
H      6.25594   6.82475  16.18367
H      6.98965   6.02975  15.22529
O      1.49616   2.07772  13.80107
H      2.38209   1.92659  13.29846
H      1.04737   2.81028  13.28361
O      2.67885   8.52297   8.47304
H      3.13688   8.58066   9.35061
H      1.90788   7.93472   8.46431
O      6.93426   8.38798  22.71993
H      6.17790   7.88887  22.99044
H      7.25191   7.87346  21.94135
O     11.73554   0.99367  24.65595
H     12.19487   0.42162  23.98626
H     12.29261   1.75774  24.82519
O     10.34845   7.89839  22.18778
H     10.62236   7.84054  23.14864
H      9.57016   7.24084  22.11468
O      2.32057   8.08160  17.14807
H      2.22494   8.44173  16.26716
H      1.38938   8.26841  17.47226
O      8.61756   0.91312   8.30398
H      8.21617   0.93398   7.41008
H      7.90663   0.60229   8.89751
O      5.45699   8.01333  25.46253
H      5.65244   7.22427  24.88747
H      6.17825   8.03978  26.11526
O     11.52309  -0.28364  13.54948
H     11.89700   0.60999  13.72523
H     10.76501  -0.31517  14.18595
O     10.62485   4.06546  13.39504
H     10.86791   5.05622  13.37090
H     10.27505   3.89978  14.32334
O      5.35270   5.76500  24.26407
H      5.74910   5.12049  23.70744
H      4.34585   5.68893  24.25266
O      9.41623   7.68989  15.54442
H      8.42285   7.43615  15.61832
H      9.58721   8.15191  16.41203
O      7.47315   4.76337   8.51306
H      8.38964   5.08008   8.32446
H      7.15350   4.20755   7.75539
O      0.25881   8.38191  24.75986
H     -0.05626   8.72395  25.61706
H      0.72316   9.09516  24.33126
O      6.63264  -0.05629  27.26110
H      6.88925  -0.99207  27.48465
H      7.13323   0.40195  26.54165
O      8.08953   2.09405  10.73005
H      7.90067   2.42826   9.85616
H      9.03154   1.78481  10.73227
O      9.98955   6.07404   7.91698
H     10.84167   6.18146   8.49233
H     10.23492   5.65184   7.07358
O      2.05935   2.81029  21.69897
H      1.35800   3.53646  21.65468
H      1.68183   1.95323  21.41279
O      9.76061   0.20765  28.65348
H      9.56739   0.98938  28.03506
H      8.95973  -0.42987  28.67274
O      8.85557   3.81100  20.75733
H      9.11431   2.97525  20.34296
H      9.62226   4.06898  21.28464
O      9.02617   8.76473  19.46651
H      8.26755   8.99363  18.82788
H      9.19712   9.61838  19.92496
O      6.23656   0.76967  20.12054
H      5.68535   1.60757  20.13492
H      6.77895   0.78735  20.98062
O      2.09656   3.70601  24.91216
H      2.83274   3.13896  24.72543
H      1.97875   3.56266  25.89204
O      7.26670  11.21992  22.50198
H      7.80734  11.54710  23.21926
H      7.34043  10.23515  22.46401
O      4.85413   6.81955  17.68470
H      4.09187   7.43203  17.64602
H      4.69798   6.28194  18.50055
O      6.31253   8.81523  28.26945
H      6.75436   7.93316  28.30779
H      5.58967   8.87467  28.94872
O      2.85975   7.40588  26.30285
H      2.81393   8.25408  26.87034
H      3.83861   7.46004  26.06752
O     -0.67143  12.26145  10.80808
H     -0.96442  11.51210  10.22391
H     -0.34149  11.99342  11.66591
O      0.17213   7.63696  11.31047
H     -0.69706   8.16452  11.16184
H      0.10976   7.26559  12.23737
O      4.81351   9.25630  14.71979
H      5.44256   8.71263  15.24764
H      5.27960   9.04511  13.85042
O      2.63326   3.05173  16.09662
H      2.23291   2.72775  15.25760
H      3.60739   2.83086  15.94401
O     11.55550  10.33318  27.00040
H     11.69532  11.03943  26.28416
H     10.93871  10.84605  27.62422
O      4.63102   5.92031  27.84692
H      5.19462   6.70625  27.70182
H      3.79930   6.15273  27.40543
O      2.57165   0.65845  10.37875
H      3.20651   1.07100   9.72053
H      1.76038   0.39541   9.87899
O      4.37243   2.37760  25.64302
H      4.56981   1.89051  24.77568
H      5.20489   2.89915  25.91195
O      7.88118   3.27565  24.90168
H      7.22628   3.33335  24.23365
H      8.07260   4.16299  25.30731
O      4.34092  10.24056  21.39094
H      4.86104   9.96391  22.14916
H      5.01001  10.74110  20.85897
O      0.66161   3.76631  10.81835
H      0.07819   2.99868  10.83778
H      1.49693   3.38319  10.49914
O      2.76994   6.11297  23.80931
H      2.44109   5.36684  24.37378
H      2.17636   6.89899  23.96312
O      4.21635  10.31497  24.74219
H      3.62050   9.88861  25.35802
H      5.05810   9.89085  24.91225
O      9.69929   0.84863  17.14058
H      9.35113   0.77881  18.07529
H     10.59653   0.50832  17.25497
O      7.71732   7.08813  12.00468
H      8.34086   6.34398  12.23252
H      7.32056   7.02750  11.09819
O      0.65885   3.50076  27.64537
H      0.67850   4.48296  27.54916
H      1.11231   3.31263  28.53558
O      9.58692   3.38365  16.06365
H      9.59420   2.49022  16.42201
H     10.26500   3.96395  16.49302
O      4.18824   2.67647   8.71754
H      3.68486   3.24566   8.11018
H      5.01042   2.37732   8.17796
O      7.20596   4.04858  14.88961
H      7.44180   3.98349  13.91623
H      8.12094   3.95902  15.34695
O      2.79351  11.01478   7.30670
H      2.07963  11.70919   7.54830
H      2.59683  10.09964   7.84787
O     10.20493  10.74510  20.98725
H     11.08317  10.72039  20.58110
H     10.16363   9.92612  21.56504
O      4.43381   5.76855  20.02611
H      3.62343   6.25999  20.32705
H      5.15321   6.11680  20.59191
O      3.36520  10.74098  18.45832
H      3.14684   9.92856  17.98554
H      4.06686  11.25605  17.94874
O      8.73343   0.65675  24.60940
H      8.40116   1.62629  24.69699
H      9.72025   0.75645  24.56421
O      7.62063   6.75039  20.59038
H      8.00402   5.85206  20.69482
H      8.14598   7.29195  19.91770
O      7.50719   6.18205  27.41424
H      8.46634   6.25595  27.70505
H      7.17984   5.24659  27.59843
O      6.34277   7.09865   9.67225
H      6.74865   6.29151   9.18767
H      5.36262   6.88494   9.95091
Pt    -0.07403  -0.06154   5.19326
Pt     2.76982  -0.04268   5.19802
Pt     5.64317  -0.07175   5.07826
Pt     8.38830  -0.04359   5.19202
Pt    -0.03519   2.83945   5.18892
Pt     2.79503   2.82378   5.15033
Pt     5.73624   2.92593   5.04725
Pt     8.52327   2.70054   5.04569
Pt     0.02752   5.65858   5.13026
Pt     2.73720   5.71840   5.08470
Pt     5.77053   5.63654   5.17136
Pt     8.35213   5.46970   5.04532
Pt     0.08006   8.41817   5.22636
Pt     2.97604   8.37939   5.19938
Pt     5.65895   8.37808   5.11831
Pt     8.42608   8.23014   5.13903
Pt     1.40560   1.40560   3.05641
Pt     4.21710   1.40560   3.05642
Pt     7.02856   1.40560   3.05642
Pt     9.84007   1.40560   3.05641
Pt     1.40560   4.21710   3.05642
Pt     4.21710   4.21710   3.05642
Pt     7.02856   4.21710   3.05643
Pt     9.84007   4.21710   3.05641
Pt     1.40560   7.02856   3.05642
Pt     4.21710   7.02856   3.05643
Pt     7.02856   7.02856   3.05643
Pt     9.84007   7.02856   3.05642
Pt     1.40560   9.84007   3.05641
Pt     4.21710   9.84007   3.05641
Pt     7.02856   9.84007   3.05642
Pt     9.84007   9.84007   3.05640
Pt    -0.00014  -0.00014   1.02525
Pt     2.81138  -0.00014   1.02526
Pt     5.62286  -0.00014   1.02525
Pt     8.43433  -0.00014   1.02526
Pt    -0.00014   2.81138   1.02526
Pt     2.81138   2.81138   1.02527
Pt     5.62286   2.81138   1.02526
Pt     8.43433   2.81138   1.02527
Pt    -0.00014   5.62286   1.02525
Pt     2.81138   5.62286   1.02526
Pt     5.62286   5.62286   1.02526
Pt     8.43433   5.62286   1.02526
Pt    -0.00014   8.43433   1.02526
Pt     2.81138   8.43433   1.02527
Pt     5.62286   8.43433   1.02526
Pt     8.43433   8.43433   1.02527
Pt     1.40566   1.40566  34.91474
Pt     4.21716   1.40566  34.91474
Pt     7.02863   1.40566  34.91473
Pt     9.84013   1.40566  34.91475
Pt     1.40566   4.21716  34.91474
Pt     4.21716   4.21716  34.91474
Pt     7.02863   4.21716  34.91473
Pt     9.84013   4.21716  34.91475
Pt     1.40566   7.02863  34.91473
Pt     4.21716   7.02863  34.91473
Pt     7.02863   7.02863  34.91473
Pt     9.84013   7.02863  34.91474
Pt     1.40566   9.84013  34.91475
Pt     4.21716   9.84013  34.91475
Pt     7.02863   9.84013  34.91474
Pt     9.84013   9.84013  34.91475
Pt    -0.00009  -0.00009  32.88361
Pt     2.81145  -0.00009  32.88359
Pt     5.62291  -0.00009  32.88359
Pt     8.43438  -0.00009  32.88359
Pt    -0.00009   2.81145  32.88359
Pt     2.81145   2.81145  32.88358
Pt     5.62291   2.81145  32.88357
Pt     8.43438   2.81145  32.88358
Pt    -0.00009   5.62291  32.88359
Pt     2.81145   5.62291  32.88357
Pt     5.62291   5.62291  32.88357
Pt     8.43438   5.62291  32.88357
Pt    -0.00009   8.43438  32.88359
Pt     2.81145   8.43438  32.88358
Pt     5.62291   8.43438  32.88357
Pt     8.43438   8.43438  32.88358
Pt     1.31313   1.33957  30.85956
Pt     4.13540   1.49449  30.71093
Pt     7.00905   1.47739  30.80922
Pt     9.75290   1.51997  30.81794
Pt     1.27859   4.10888  30.75860
Pt     4.09668   4.19111  30.81402
Pt     6.93515   4.25960  30.80739
Pt     9.72394   4.21676  30.71668
Pt     1.29023   6.83159  30.77926
Pt     4.14554   6.89522  30.87938
Pt     6.96737   7.10448  30.90045
Pt     9.68305   7.01032  30.72908
Pt     1.49884   9.75592  30.86260
Pt     4.30392   9.86604  30.89737
Pt     7.15497   9.98961  30.75414
Pt     9.83385   9.79686  30.83714
