O      8.42197   8.40430   7.35935
H      8.66183   7.45387   7.67620
H      9.24958   8.95754   7.53877
O      6.61257   9.72551   9.22883
H      6.19931   9.71555  10.19066
H      6.56757   8.84344   8.73132
O      1.27229   2.95907  18.43472
H      1.57412   2.76645  17.53305
H      2.03482   3.23556  18.94010
O      7.89711  11.24077  12.47643
H      7.67311  12.17301  12.31003
H      8.21089  11.18153  13.37921
O      9.64039   3.07603  27.15521
H     10.31718   3.80974  27.17557
H      9.02929   3.18341  26.34200
O      8.47445   6.49616  25.30889
H      8.22886   6.27618  26.24076
H      9.45579   6.40444  25.40493
O     -0.25012   8.74634  17.71748
H     -0.80797   9.05730  18.50629
H      0.25879   9.57045  17.46854
O      5.46869   0.59555  14.09566
H      4.67459   0.83815  13.53926
H      5.16465  -0.06338  14.76349
O     11.57552   4.39854  21.96901
H     11.89325   4.81155  22.87751
H     11.95430   4.94219  21.28025
O      6.33762   3.66118  27.88344
H      5.56343   3.73179  28.44834
H      6.83334   2.86066  28.13379
O      2.08912   8.56142  15.22385
H      1.70546   9.46378  14.87245
H      3.00218   8.57083  14.79422
O      4.66742   1.90665  23.07755
H      5.04702   1.01678  23.05586
H      3.66222   1.88333  22.98950
O      0.03853   6.43768  27.89086
H      0.35549   6.58479  28.89719
H      0.83656   6.69314  27.35302
O      1.27383  -0.01339  17.01764
H      2.13187  -0.10187  17.45518
H      1.33317   0.33238  16.12288
O      0.84555   6.42226   9.33350
H      1.07047   5.49776   9.64767
H      0.62948   6.94238  10.13822
O      7.21616   3.36978  22.79733
H      7.88149   3.76422  22.19654
H      6.50517   2.93768  22.25429
O      9.01572   9.15537  27.52729
H      9.66649   8.72651  28.13570
H      9.40375   9.62778  26.84832
O      4.43810   1.12788  28.37340
H      5.25197   0.55424  28.35715
H      4.59293   1.81231  27.64352
O      3.06986   9.92115  27.35769
H      2.09071  10.29903  27.21835
H      3.65164  10.68193  27.54371
O      6.02553   9.47349  11.74004
H      6.62649   8.65612  11.83275
H      6.48236  10.27619  12.06724
O      3.40479   8.74714  11.11854
H      4.10156   9.27381  11.65863
H      2.57117   8.89293  11.60812
O      1.34299   0.54579  20.16445
H      2.24798   0.20492  20.04140
H      1.27234   1.07111  19.33082
O     11.91125   6.49891  19.95485
H     11.47830   7.31543  20.21359
H     11.44324   6.13866  19.12956
O     10.30248  10.08466   8.11173
H     10.56677  10.25275   7.14616
H      9.59320  10.74071   8.29778
O      9.56314  10.50995  14.67124
H      9.65210  11.13146  15.41257
H      9.22229   9.77030  15.13510
O      1.82526  10.32963  23.63120
H      2.02328  10.42685  22.70462
H      2.69037  10.47190  24.09163
O     -0.10154   5.08284  17.62199
H      0.15107   4.27924  18.07907
H      0.62906   5.39637  17.04737
O      0.11996   6.14840  13.52834
H      0.67915   6.10148  14.33016
H     -0.69109   6.50133  13.95454
O      0.56877   2.03997   8.34608
H     -0.25151   1.96248   7.84951
H      1.05133   2.56266   7.70822
O      2.03136   5.63772  15.73905
H      2.57291   4.85293  16.06678
H      2.55817   6.40021  15.95786
O      4.33119   5.70708  13.30827
H      4.02342   6.55741  13.01405
H      4.86763   6.04676  14.08520
O      8.84399   1.35452  19.77329
H      9.26892   0.98593  20.56722
H      7.86890   1.49979  20.01278
O      9.22222   9.90442  10.70864
H      8.87634  10.46885  11.48939
H      8.38818   9.73026  10.24090
O      5.51044  11.46628   7.52627
H      4.54595  11.71397   7.55752
H      5.73184  10.73315   8.23841
O      3.61749   1.78887  12.46681
H      3.19821   1.34978  11.74505
H      3.95199   2.63739  12.00437
O      3.43242   7.57485  20.39140
H      2.62030   7.04736  20.51513
H      3.40080   8.45509  20.84095
O      5.60906   2.72324  16.01415
H      5.65677   2.22905  15.16165
H      6.31537   3.37734  15.92482
O      6.96824   9.26960  17.87966
H      6.66980  10.17864  17.56878
H      6.19420   8.68555  17.70048
O      3.88583   2.96474  19.96697
H      3.62436   2.81946  20.92547
H      4.38639   3.82206  19.95324
O      6.11880   0.51228  17.43762
H      6.05682   1.23056  16.78426
H      6.05333   1.13928  18.19205
O      4.46790   4.05797  11.31919
H      3.69364   4.14313  10.74753
H      4.51826   4.81582  11.94345
O      8.01400   4.62759  12.33824
H      7.78324   4.03166  11.62910
H      8.96639   4.32639  12.53829
O      6.37303   6.91459  15.45413
H      5.91586   7.01774  16.31417
H      6.85918   5.99377  15.36573
O      1.59062   1.98395  14.24544
H      2.39187   1.92121  13.62000
H      0.90125   2.51814  13.80794
O      2.18792   8.81214   8.54713
H      3.14606   8.81791   8.80122
H      1.79113   7.94661   8.76972
O      6.09789   8.51368  22.50922
H      6.06522   8.71965  23.44372
H      6.15610   7.52008  22.59902
O     11.71775   1.66855  24.66726
H     12.38154   1.72868  23.93868
H     11.95664   2.36067  25.32872
O     10.07765   7.99335  22.52836
H     10.67259   7.95444  23.34181
H      9.12468   7.87551  22.85891
O      2.70141   8.34924  17.68166
H      2.33476   8.54208  16.71910
H      1.99959   8.14515  18.35228
O      7.90135   1.09569   7.97691
H      8.22802   1.57880   7.21270
H      6.94178   1.16023   7.84700
O      5.53264   7.96970  25.41027
H      5.88007   7.15194  24.93108
H      6.04137   7.84503  26.25534
O     12.10008  -0.86487  13.91165
H     12.12361   0.09979  13.81203
H     11.14836  -1.03393  14.12805
O     10.46893   3.67356  13.15133
H     10.98237   4.53703  13.05963
H     10.26429   3.60247  14.12626
O      5.54525   5.76100  23.60377
H      6.28721   5.12866  23.45975
H      5.10641   5.72145  22.70980
O      9.24155   8.04254  15.26877
H      8.36947   7.69549  15.38138
H      9.61875   8.05355  16.17533
O      7.36689   4.84180   7.82799
H      8.24286   5.00251   8.19754
H      7.36257   4.10863   7.17289
O      0.68335   8.22419  24.61306
H      0.80398   8.26430  25.56314
H      0.91988   9.11633  24.29974
O      6.93610   0.29715  26.92690
H      7.34710  -0.43036  27.45667
H      6.11022  -0.09878  26.54636
O      8.04484   2.19128  10.82177
H      7.96842   2.04853   9.85718
H      8.76983   1.61601  11.08757
O      9.83414   5.85405   7.96619
H     10.67159   6.20600   8.42823
H     10.09451   5.65090   7.05185
O      1.94959   2.18781  22.58451
H      1.28144   2.91073  22.43775
H      1.59931   1.59252  21.84548
O      9.71095   1.24282  28.69230
H      9.70880   2.20789  27.92658
H      8.85245   0.74022  28.71086
O      9.09554   3.99198  20.93969
H      9.34866   3.15657  20.47440
H      9.96544   4.14977  21.38178
O      8.77567   8.67867  19.63835
H      7.98416   8.97243  19.11707
H      8.67043   9.08749  20.54576
O      6.15072   1.30981  20.20704
H      5.27010   1.76685  20.21659
H      6.46737   0.93194  21.05207
O      2.17702   3.67568  25.71865
H      3.04778   3.30646  25.93837
H      1.81158   3.91534  26.62956
O      7.01755  11.05433  22.56759
H      7.66692  11.47543  23.10420
H      7.33537  10.21642  22.19436
O      5.12912   7.18617  17.74389
H      4.13762   7.49496  17.79239
H      5.22169   6.51622  18.50238
O      5.30120   8.83084  28.08425
H      5.80873   9.00577  28.92276
H      4.35925   8.98878  28.28013
O      2.86941   7.17084  26.98561
H      2.85324   8.07711  27.36131
H      3.46472   7.29584  26.19009
O     -0.42271  12.16749  11.17577
H     -0.79015  11.31984  10.92169
H      0.38835  12.29718  10.67290
O      0.22996   8.10619  11.12309
H     -0.59895   8.62811  10.89738
H      0.26223   8.00079  12.08836
O      4.61728   9.04963  14.65048
H      5.35292   8.43515  14.91449
H      4.83697   9.19800  13.68858
O      2.76035   2.99718  16.16998
H      2.38126   2.63449  15.31662
H      3.73292   3.13762  16.09871
O     11.93638  10.97275  26.80672
H     11.71658  11.55592  26.00324
H     11.48059  11.25928  27.62537
O      4.62482   5.86322  28.66148
H      5.46995   6.33650  28.56012
H      3.92298   6.33087  28.13304
O      2.27132   0.29902  10.41538
H      2.40181   0.76726   9.54874
H      2.21852  -0.68122  10.15513
O      5.11342   2.40178  26.04046
H      5.05229   2.35663  25.08800
H      5.58143   3.15920  26.32932
O      8.54030   3.91756  24.98485
H      7.83519   3.47731  24.31673
H      8.48919   4.92212  25.01771
O      4.02247   9.98523  21.41611
H      4.66733   9.46399  21.87989
H      4.40907  10.24762  20.56765
O      0.94860   3.82541  10.36014
H      0.94264   3.34802   9.49571
H      0.10325   3.46376  10.75424
O      1.23993   5.63141  24.06506
H      1.63769   5.06809  24.77541
H      1.15147   6.58191  24.32042
O      4.19296  10.66394  24.88547
H      4.38698   9.87491  25.52315
H      4.68736  10.33358  24.07135
O     10.01897   1.09415  17.15307
H      9.41458   1.15076  17.94900
H     10.89443   0.79380  17.40927
O      7.50299   7.13285  11.48001
H      7.65057   6.29140  12.03784
H      7.83467   6.88304  10.59725
O      0.82325   3.91910  27.86843
H      0.55165   4.89973  28.00900
H      0.61964   3.62106  28.78970
O      9.72546   3.53138  15.98896
H      9.77949   2.60788  16.44040
H     10.24451   4.17442  16.56040
O      3.75777   3.14370   8.30963
H      3.62098   3.46533   7.41977
H      4.36382   3.83218   8.69923
O      7.44029   4.52462  15.07476
H      7.45427   4.43229  14.13007
H      8.38605   4.24689  15.37657
O      2.67263  11.03905   7.18635
H      1.91383  11.60947   7.30449
H      2.28452  10.15575   7.63556
O     10.24514  10.69999  21.81693
H     11.13407  10.90501  21.39924
H     10.29898   9.81425  22.24647
O      5.22190   5.61969  20.05171
H      4.68112   6.36569  20.44493
H      6.19419   5.83084  20.36892
O      3.62945  10.77756  18.25833
H      3.18929   9.87818  18.00348
H      4.55902  10.81430  17.86016
O      8.74553   0.57993  24.55245
H      8.32240   0.76180  25.37867
H      9.42001   1.22675  24.46905
O      7.47728   6.41946  20.97166
H      8.13570   5.70001  20.91844
H      7.86317   7.21603  20.48027
O      7.66188   6.31019  27.89143
H      8.14926   7.00902  28.44667
H      7.59100   5.52520  28.44436
O      6.39901   7.07667   8.69003
H      6.44266   6.16847   8.29411
H      6.02114   7.06180   9.59699
Pt    -0.05849  -0.00597   5.07683
Pt     2.90156  -0.00097   5.06456
Pt     5.59048  -0.01841   5.17938
Pt     8.38655  -0.15186   5.02838
Pt     0.03175   2.75379   5.04679
Pt     2.86538   2.87905   5.06598
Pt     5.65705   2.76343   5.13719
Pt     8.38911   2.60551   5.17526
Pt    -0.03462   5.52742   5.02059
Pt     2.77104   5.53382   5.00387
Pt     5.55424   5.59592   4.95125
Pt     8.62101   5.51347   5.07205
Pt     0.12587   8.39369   5.07215
Pt     2.77666   8.35409   5.12243
Pt     5.61206   8.32753   5.10249
Pt     8.55165   8.34545   5.19121
Pt     1.40560   1.40560   3.05641
Pt     4.21710   1.40560   3.05642
Pt     7.02856   1.40560   3.05642
Pt     9.84007   1.40560   3.05641
Pt     1.40560   4.21710   3.05642
Pt     4.21710   4.21710   3.05642
Pt     7.02856   4.21710   3.05643
Pt     9.84007   4.21710   3.05641
Pt     1.40560   7.02856   3.05642
Pt     4.21710   7.02856   3.05643
Pt     7.02856   7.02856   3.05643
Pt     9.84007   7.02856   3.05642
Pt     1.40560   9.84007   3.05641
Pt     4.21710   9.84007   3.05641
Pt     7.02856   9.84007   3.05642
Pt     9.84007   9.84007   3.05640
Pt    -0.00014  -0.00014   1.02525
Pt     2.81138  -0.00014   1.02526
Pt     5.62286  -0.00014   1.02525
Pt     8.43433  -0.00014   1.02526
Pt    -0.00014   2.81138   1.02526
Pt     2.81138   2.81138   1.02527
Pt     5.62286   2.81138   1.02526
Pt     8.43433   2.81138   1.02527
Pt    -0.00014   5.62286   1.02525
Pt     2.81138   5.62286   1.02526
Pt     5.62286   5.62286   1.02526
Pt     8.43433   5.62286   1.02526
Pt    -0.00014   8.43433   1.02526
Pt     2.81138   8.43433   1.02527
Pt     5.62286   8.43433   1.02526
Pt     8.43433   8.43433   1.02527
Pt     1.40566   1.40566  34.91474
Pt     4.21716   1.40566  34.91474
Pt     7.02863   1.40566  34.91473
Pt     9.84013   1.40566  34.91475
Pt     1.40566   4.21716  34.91474
Pt     4.21716   4.21716  34.91474
Pt     7.02863   4.21716  34.91473
Pt     9.84013   4.21716  34.91475
Pt     1.40566   7.02863  34.91473
Pt     4.21716   7.02863  34.91473
Pt     7.02863   7.02863  34.91473
Pt     9.84013   7.02863  34.91474
Pt     1.40566   9.84013  34.91475
Pt     4.21716   9.84013  34.91475
Pt     7.02863   9.84013  34.91474
Pt     9.84013   9.84013  34.91475
Pt    -0.00009  -0.00009  32.88361
Pt     2.81145  -0.00009  32.88359
Pt     5.62291  -0.00009  32.88359
Pt     8.43438  -0.00009  32.88359
Pt    -0.00009   2.81145  32.88359
Pt     2.81145   2.81145  32.88358
Pt     5.62291   2.81145  32.88357
Pt     8.43438   2.81145  32.88358
Pt    -0.00009   5.62291  32.88359
Pt     2.81145   5.62291  32.88357
Pt     5.62291   5.62291  32.88357
Pt     8.43438   5.62291  32.88357
Pt    -0.00009   8.43438  32.88359
Pt     2.81145   8.43438  32.88358
Pt     5.62291   8.43438  32.88357
Pt     8.43438   8.43438  32.88358
Pt     1.33940   1.46749  30.88825
Pt     4.11935   1.38131  30.74264
Pt     7.00168   1.41166  30.86092
Pt     9.74058   1.47258  30.91142
Pt     1.29361   4.30376  30.95133
Pt     4.07896   4.20572  30.87832
Pt     6.92063   4.17199  30.89303
Pt     9.70460   4.31643  30.80310
Pt     1.13078   7.19082  30.83232
Pt     4.16615   7.12225  30.85328
Pt     6.97762   7.05365  30.71482
Pt     9.71537   7.03360  30.84342
Pt     1.30505   9.87488  30.85102
Pt     4.25162   9.87892  30.81989
Pt     6.95994   9.92849  30.79751
Pt     9.78981   9.78684  30.92460
