O      8.90678   8.20321   8.15992
H      9.20918   7.27319   8.32116
H      9.70206   8.74544   8.16044
O      6.74151   9.32997   8.43345
H      6.46304   8.67196   9.04393
H      7.47688   8.88091   8.00125
O      2.28474   2.39978  18.28096
H      2.37784   2.46163  17.25934
H      3.05847   2.88395  18.67957
O      7.68583  11.08959  12.07483
H      7.73015  11.86739  11.45172
H      7.30399  11.29244  12.96774
O      9.10608   3.01923  27.46074
H     10.07347   3.20799  27.36983
H      8.78672   2.91737  26.54435
O     10.25617   5.66816  24.57495
H      9.82070   5.82990  25.42836
H     10.78471   6.47859  24.56989
O      0.08466   8.69532  17.17157
H     -0.02892   8.45988  18.10067
H      0.32435   9.68652  17.14108
O      6.04743   0.24389  14.30383
H      5.27526   0.68450  13.90473
H      5.70593  -0.68036  14.54018
O     11.20240   4.83448  21.92582
H     10.90370   5.24073  22.77155
H     11.10983   5.58105  21.25937
O      5.98139   3.65114  27.84908
H      5.17286   4.18606  28.07791
H      6.40478   3.39074  28.71517
O      1.96904   9.77996  13.78399
H      1.14335  10.21359  13.50371
H      2.70154  10.05232  13.22381
O      4.27690   1.79467  23.33711
H      4.28173   0.81722  23.52414
H      3.35115   1.82731  22.94752
O      0.43778   6.26835  27.23998
H      0.48381   6.24644  28.18903
H      1.18997   6.90688  27.01378
O      0.90467  -0.03635  16.54137
H      1.75231  -0.34319  16.96550
H      1.25164  -0.08086  15.62552
O      1.08720   6.17830   9.36561
H      1.46839   5.37171   9.78605
H      0.94527   6.82954  10.08867
O      6.19956   3.76471  22.34340
H      6.98152   3.90138  21.80722
H      5.69491   2.93500  22.06211
O      8.96319   8.21376  27.30307
H      9.54226   8.93793  26.87738
H      9.54361   7.50825  27.01212
O      4.28667   0.99985  28.08790
H      5.31149   0.99165  28.11777
H      4.11720   1.79994  27.48364
O      2.72947  10.02449  27.62920
H      1.69736  10.14449  27.85528
H      3.03321  10.91260  27.81710
O      5.99408   8.65985  12.15907
H      6.60729   7.90017  12.11796
H      6.50442   9.53533  12.18685
O      3.21722   9.00408  10.79915
H      4.15871   9.19366  11.16576
H      2.92647   8.35786  11.48509
O      1.67542   0.44518  20.04931
H      2.20318  -0.36464  19.73787
H      1.88524   1.15117  19.34755
O     11.15837   6.64423  19.85296
H     10.29551   6.96428  20.12755
H     11.08824   5.88291  19.27770
O     10.84368  10.00024   8.06942
H     11.23928   9.94223   7.18315
H     10.25351  10.72268   8.01782
O      8.96363  10.20286  14.82858
H      8.82676  10.68076  15.63768
H      8.88806   9.21517  14.99232
O      1.68025  10.41908  22.85452
H      1.70068  10.96364  22.04759
H      2.63820  10.28152  22.98947
O      0.50631   4.58100  18.05470
H      1.10854   3.83040  18.24977
H      1.05717   5.06308  17.38199
O      0.34027   6.58948  14.13551
H      1.07081   6.27009  14.73892
H     -0.48184   6.81437  14.69055
O      1.26172   1.85286   8.33180
H      0.54984   1.60874   8.99703
H      0.99350   2.30292   7.50270
O      2.01089   5.31000  16.04235
H      2.45965   4.35480  15.99683
H      2.78821   5.82685  16.22933
O      4.25285   6.64166  13.38330
H      4.46891   6.52802  12.44474
H      5.08538   6.83875  13.83550
O      8.84764   1.60551  20.00377
H      9.06552   0.67881  20.23297
H      7.87699   1.66236  20.10389
O      9.31771   9.51509  10.81404
H      8.63457  10.04326  11.35535
H      8.78357   9.22055  10.04995
O      5.34342  11.18075   7.31382
H      4.37393  11.19703   7.44240
H      5.73331  10.35493   7.71275
O      3.82263   1.59267  12.96204
H      3.51754   1.20725  12.10466
H      4.41260   2.32009  12.55406
O      2.16822   7.58363  21.44404
H      1.61727   7.26247  20.70161
H      2.06406   8.52659  21.29239
O      5.38961   2.15404  15.97601
H      5.86997   1.43159  15.39147
H      6.07969   2.83664  15.74307
O      6.90643   9.18524  17.54429
H      6.41988  10.02525  17.26884
H      6.77850   8.56047  16.80652
O      4.40610   3.40803  19.96163
H      3.61043   3.51221  20.54592
H      4.62866   4.36036  19.72446
O      5.02561   0.23844  18.18752
H      5.13216   1.00046  17.54088
H      5.46878   0.59010  19.01731
O      5.08143   3.46831  11.41853
H      5.45775   3.49739  10.52546
H      5.22184   4.43946  11.68036
O      8.39195   4.14542  12.41298
H      8.33736   3.39787  11.79601
H      9.30605   4.10340  12.93248
O      6.57645   6.60173  15.61429
H      6.06050   6.57047  16.48703
H      6.84069   5.67149  15.42161
O      1.05287   2.03441  13.84712
H      1.92199   2.15460  13.44088
H      0.63968   2.89312  14.03576
O      2.75828   8.14264   8.23087
H      2.84337   8.54455   9.19710
H      2.16033   7.33556   8.24846
O      7.35458   8.24086  22.24554
H      6.85705   7.91897  22.99637
H      7.43024   7.47065  21.50320
O     11.43489   0.69080  24.68267
H     11.85050   0.14763  23.94842
H     11.98819   1.44768  24.84915
O      9.97357   8.38672  22.15748
H     10.66915   8.31921  22.86964
H      9.09636   8.31668  22.65475
O      2.46012   8.13079  16.08242
H      2.20758   8.59101  15.19952
H      1.61164   8.16566  16.57328
O      8.82518   0.95531   7.61127
H      8.61021   1.76181   7.07372
H      7.97610   0.84151   8.08096
O      5.90632   7.92636  25.57445
H      6.21009   7.04974  25.31747
H      6.22970   8.06106  26.44870
O     10.82287   0.05547  13.26691
H     11.29110   0.80315  13.68963
H     10.29442  -0.34752  13.99403
O     10.66572   4.17254  13.88439
H     11.09075   5.04161  14.01180
H     10.28709   3.86784  14.76349
O      5.84790   5.44797  24.36098
H      6.19652   5.25441  23.45965
H      4.86955   5.38241  24.21522
O      9.32347   7.66649  15.47255
H      8.46057   7.18933  15.53562
H      9.84914   7.98438  16.23830
O      7.42528   4.40327   8.85688
H      8.31583   4.77668   8.66484
H      7.05915   4.15473   7.95661
O      0.44348   7.94363  24.41883
H      0.28390   8.63092  25.13804
H      1.37812   7.72221  24.54557
O      7.05928   0.26149  27.15012
H      6.84653  -0.70594  27.12670
H      7.31743   0.48480  26.22621
O      8.21391   2.04810  10.47986
H      7.80606   2.76343   9.87621
H      8.82943   1.66676   9.78817
O      9.94055   5.75080   8.42364
H     10.84602   5.77946   8.81802
H     10.15581   5.53943   7.46911
O      2.30975   2.96724  21.66818
H      1.62878   3.55792  21.98998
H      1.89996   2.28790  21.11712
O      9.44042   0.53815  28.40100
H      9.38539   1.51730  28.14560
H      8.53029   0.25142  28.01616
O      8.70166   4.08242  21.04322
H      8.70244   3.32080  20.41217
H      9.64854   4.10927  21.41688
O      8.81758   8.32024  19.10675
H      8.01231   8.81954  18.77347
H      9.41630   8.96456  19.50894
O      6.14991   1.16427  20.42551
H      5.43792   1.84186  20.38130
H      6.37064   0.65688  21.27569
O      1.25920   3.68874  24.57245
H      1.13068   3.77265  25.57678
H      0.36245   3.94516  24.20453
O      6.90485  11.00100  22.72696
H      7.45875  11.55685  23.33888
H      7.50834  10.24329  22.54510
O      4.67621   6.78217  17.38079
H      4.10401   7.51500  17.07994
H      4.58622   6.74586  18.35036
O      6.67275   8.98364  28.17938
H      7.37876   8.30209  28.08296
H      6.00028   8.51915  28.73572
O      2.81104   7.71759  26.31872
H      2.89108   8.62220  26.81608
H      3.79504   7.57048  26.08008
O     -0.40025  11.92568  10.72029
H     -0.53795  11.04846  10.42884
H     -0.71921  12.05843  11.63057
O      0.72432   7.81440  11.60889
H      0.14089   8.55683  11.41654
H      0.48372   7.42391  12.46380
O      5.02832   9.08357  14.56536
H      4.95482   8.44975  15.29565
H      5.29513   8.63795  13.72627
O      2.81257   2.78746  15.76671
H      2.36045   2.33063  15.05938
H      3.77099   2.55516  15.64773
O     11.14725  10.22408  26.93692
H     11.06133  10.94579  26.25206
H     10.58577  10.58804  27.62729
O      4.25994   5.62567  28.05676
H      4.61435   6.05323  28.88960
H      3.45492   6.15645  27.83328
O      2.66243   0.82367  10.37844
H      2.65992   1.68920   9.84578
H      1.72800   0.65905  10.58396
O      4.30393   2.61393  25.79824
H      4.38428   2.39346  24.81279
H      5.17696   2.80120  26.13620
O      7.75627   3.27337  24.64760
H      7.38213   3.35754  23.75117
H      7.09786   3.75802  25.22398
O      4.03397   9.93930  20.98725
H      4.64097  10.32412  21.63022
H      4.74075   9.40973  20.50447
O      0.96078   3.46699  10.83579
H      1.83350   3.19313  11.18937
H      0.50055   3.59472  11.65215
O      2.84127   6.04266  23.95292
H      2.25253   5.27982  24.09246
H      2.81870   6.64204  24.72606
O      4.19802  10.56083  24.53818
H      4.18217  10.77859  25.47890
H      4.81119   9.81822  24.44329
O      9.65514   1.18453  16.72419
H      9.33716   1.13204  17.64021
H     10.57445   0.79024  16.79675
O      8.22697   6.77057  12.30276
H      8.26349   5.79577  12.12638
H      8.79388   7.23483  11.67240
O      0.72968   3.03469  27.27662
H      0.85729   3.92713  27.60603
H      1.13856   2.43894  27.89856
O      9.55382   3.73843  16.22822
H      9.78976   2.78285  16.24973
H     10.24649   4.20592  16.74136
O      4.60001   2.59473   8.53872
H      4.50333   3.11234   7.70704
H      5.20105   1.82626   8.33014
O      7.19404   3.88643  15.24655
H      7.63644   3.69836  14.37914
H      7.97587   3.92461  15.88854
O      2.78521  11.08840   7.49098
H      2.15278  11.69324   7.98226
H      2.60818  10.15139   7.65726
O     10.28372  10.49562  20.25011
H     11.05163  11.11344  20.21865
H     10.34501   9.96583  21.12729
O      4.84877   6.27647  20.33443
H      4.29843   6.70820  21.01533
H      5.81208   6.50489  20.46719
O      2.68057  10.24876  18.07844
H      3.00446   9.47979  17.63006
H      3.49756  10.87348  18.02919
O      8.71338   0.80192  24.41460
H      8.33605   1.75327  24.45388
H      9.72866   0.89138  24.33504
O      7.57369   6.50082  20.30070
H      7.99072   5.62236  20.43180
H      8.14725   7.12464  19.73524
O      7.62646   5.75877  27.26809
H      8.04074   5.48139  28.05280
H      7.00662   4.99170  27.03165
O      5.69501   6.62792   9.74954
H      6.34971   5.92539   9.57348
H      5.11840   7.01277   9.00344
Pt    -0.03409  -0.01765   5.00179
Pt     2.62045  -0.03486   5.09635
Pt     5.72748   0.04258   5.18012
Pt     8.51484  -0.01782   5.02941
Pt     0.02696   2.85895   5.13380
Pt     2.76720   2.78881   5.05099
Pt     5.59894   2.81125   5.11377
Pt     8.47293   2.87090   5.10624
Pt     0.01499   5.67794   5.04252
Pt     3.00194   5.64333   5.24174
Pt     5.50493   5.61383   5.28160
Pt     8.49372   5.56146   5.16359
Pt     0.02655   8.49350   5.03477
Pt     2.92427   8.45599   5.12410
Pt     5.69571   8.48705   5.08662
Pt     8.40184   8.35295   5.12345
Pt     1.40560   1.40560   3.05641
Pt     4.21710   1.40560   3.05642
Pt     7.02856   1.40560   3.05642
Pt     9.84007   1.40560   3.05641
Pt     1.40560   4.21710   3.05642
Pt     4.21710   4.21710   3.05642
Pt     7.02856   4.21710   3.05643
Pt     9.84007   4.21710   3.05641
Pt     1.40560   7.02856   3.05642
Pt     4.21710   7.02856   3.05643
Pt     7.02856   7.02856   3.05643
Pt     9.84007   7.02856   3.05642
Pt     1.40560   9.84007   3.05641
Pt     4.21710   9.84007   3.05641
Pt     7.02856   9.84007   3.05642
Pt     9.84007   9.84007   3.05640
Pt    -0.00014  -0.00014   1.02525
Pt     2.81138  -0.00014   1.02526
Pt     5.62286  -0.00014   1.02525
Pt     8.43433  -0.00014   1.02526
Pt    -0.00014   2.81138   1.02526
Pt     2.81138   2.81138   1.02527
Pt     5.62286   2.81138   1.02526
Pt     8.43433   2.81138   1.02527
Pt    -0.00014   5.62286   1.02525
Pt     2.81138   5.62286   1.02526
Pt     5.62286   5.62286   1.02526
Pt     8.43433   5.62286   1.02526
Pt    -0.00014   8.43433   1.02526
Pt     2.81138   8.43433   1.02527
Pt     5.62286   8.43433   1.02526
Pt     8.43433   8.43433   1.02527
Pt     1.40566   1.40566  34.91474
Pt     4.21716   1.40566  34.91474
Pt     7.02863   1.40566  34.91473
Pt     9.84013   1.40566  34.91475
Pt     1.40566   4.21716  34.91474
Pt     4.21716   4.21716  34.91474
Pt     7.02863   4.21716  34.91473
Pt     9.84013   4.21716  34.91475
Pt     1.40566   7.02863  34.91473
Pt     4.21716   7.02863  34.91473
Pt     7.02863   7.02863  34.91473
Pt     9.84013   7.02863  34.91474
Pt     1.40566   9.84013  34.91475
Pt     4.21716   9.84013  34.91475
Pt     7.02863   9.84013  34.91474
Pt     9.84013   9.84013  34.91475
Pt    -0.00009  -0.00009  32.88361
Pt     2.81145  -0.00009  32.88359
Pt     5.62291  -0.00009  32.88359
Pt     8.43438  -0.00009  32.88359
Pt    -0.00009   2.81145  32.88359
Pt     2.81145   2.81145  32.88358
Pt     5.62291   2.81145  32.88357
Pt     8.43438   2.81145  32.88358
Pt    -0.00009   5.62291  32.88359
Pt     2.81145   5.62291  32.88357
Pt     5.62291   5.62291  32.88357
Pt     8.43438   5.62291  32.88357
Pt    -0.00009   8.43438  32.88359
Pt     2.81145   8.43438  32.88358
Pt     5.62291   8.43438  32.88357
Pt     8.43438   8.43438  32.88358
Pt     1.37291   1.25502  30.76254
Pt     4.15893   1.35845  30.90516
Pt     6.88059   1.50882  30.85138
Pt     9.85433   1.35687  30.79209
Pt     1.32920   3.97373  30.79601
Pt     4.19364   4.15561  30.78777
Pt     6.95481   4.34694  30.81318
Pt     9.73265   4.24585  30.86153
Pt     1.47113   6.75093  30.81954
Pt     4.16046   6.98241  30.80869
Pt     6.96763   7.02645  30.91989
Pt     9.82795   6.92537  30.83867
Pt     1.46399   9.64545  30.84159
Pt     4.18339   9.76076  30.92701
Pt     7.10625   9.91349  30.92658
Pt     9.98118   9.73940  30.87018
