O      8.63413   8.30420   7.43315
H      9.11356   7.44276   7.68385
H      9.27135   8.99598   7.74890
O      6.84202   9.86817   9.07693
H      6.60519   9.96352  10.03834
H      6.70588   8.85925   8.98779
O      1.66494   2.83538  18.62164
H      1.96518   2.90918  17.65623
H      2.55632   2.99814  19.04619
O      8.02156  11.13540  12.52828
H      8.12063  12.05236  12.09965
H      8.38683  11.10749  13.46125
O      9.47377   2.74532  27.40747
H     10.35095   3.23659  27.47636
H      9.16710   2.99748  26.49935
O      8.81217   6.18410  25.09024
H      8.10015   6.58088  25.63060
H      9.65734   6.47230  25.39521
O     -0.27267   8.73961  17.89059
H     -1.06258   8.55210  18.52538
H      0.05699   9.67819  18.00732
O      5.86686   0.57636  14.38446
H      5.10105   0.59150  13.76406
H      5.85154  -0.39826  14.69549
O     11.26080   4.72610  22.04347
H     11.84549   5.14021  22.69271
H     11.66978   5.02604  21.20835
O      6.30213   3.68779  27.75967
H      5.54007   4.32633  27.87678
H      6.38727   3.46741  28.72506
O      2.01021   8.61974  14.96334
H      1.43378   9.34021  14.52861
H      2.98304   8.72882  14.69097
O      4.59315   1.92125  22.85781
H      4.48776   0.94090  23.00140
H      3.70028   2.30684  22.80184
O      0.56778   6.33296  27.81761
H      0.48612   6.48570  28.81796
H      1.47687   6.56862  27.58222
O      1.17682   0.00939  16.87233
H      2.08595   0.00371  17.28993
H      1.32302  -0.61063  16.12615
O      0.76601   6.15848   9.17895
H      0.81485   5.24112   9.58556
H      0.61625   6.79794   9.96011
O      6.88512   3.93932  22.48420
H      7.63929   3.80929  21.81314
H      6.59019   3.06100  22.75019
O      8.97183   9.25044  27.31755
H      8.90042   9.49433  28.24773
H     10.01473   9.25624  27.28096
O      4.49386   0.91495  28.45422
H      5.34762   0.55525  28.01657
H      4.33433   1.68571  27.86594
O      2.90025   9.87621  27.37688
H      2.03290  10.27521  27.34834
H      3.22667  10.38343  28.17003
O      6.05082   9.28615  12.25351
H      6.78165   8.61784  12.08386
H      6.67088  10.10509  12.57087
O      3.45636   8.75837  11.08473
H      4.32253   9.12823  11.34175
H      2.87486   8.70832  11.85275
O      1.32043   0.47089  20.14911
H      2.27392   0.13656  20.14122
H      1.34830   1.30440  19.57919
O     11.98317   6.50259  19.85668
H     11.40652   7.29441  19.99294
H     11.67719   6.19353  18.94274
O     10.32450  10.24846   8.08163
H     10.68538  10.34974   7.12388
H      9.58414  10.88915   8.05381
O      9.13218  10.74332  14.75214
H      8.98735  11.02566  15.64085
H      9.31857   9.81796  14.68325
O      1.81556  10.41664  23.45044
H      1.88363  10.15043  22.49821
H      2.73150  10.42093  23.83069
O      0.13186   5.05529  17.58977
H      0.63642   4.31779  18.09448
H      0.86327   5.38494  16.99001
O     -0.04814   6.51351  13.64798
H      0.82881   6.77314  14.06123
H     -0.78734   6.82700  14.17052
O      0.89607   1.72012   8.03378
H     -0.02691   1.33116   8.20451
H      0.90804   2.36817   7.27884
O      2.10840   5.57572  15.65388
H      2.38710   4.64761  15.87754
H      2.56717   6.19646  16.28161
O      4.35893   6.06656  13.32398
H      3.58498   5.76513  13.93224
H      5.00450   6.56075  13.83445
O      8.82947   1.26293  19.63010
H      9.07985   0.71511  20.43552
H      7.82433   1.46044  19.74970
O      9.42457   9.73247  10.61292
H      8.78446   9.70220  11.34280
H      9.00660   9.30641   9.80609
O      5.42641  11.56564   7.49087
H      4.44867  11.60381   7.47295
H      5.65945  10.78769   7.97820
O      3.57818   1.38022  12.35153
H      3.04504   1.12636  11.55071
H      4.01899   2.22917  12.15880
O      3.10504   7.63729  20.50969
H      2.16314   7.43141  20.26996
H      3.16272   8.59804  20.46964
O      5.34223   2.58335  15.84295
H      5.50050   1.77856  15.21859
H      6.02533   3.24479  15.61424
O      6.85257   8.99178  17.94324
H      6.85017   9.64655  17.24711
H      6.23719   8.23270  17.89991
O      4.06158   2.96261  20.04852
H      3.61011   2.78858  20.88698
H      4.52027   3.82251  20.16754
O      6.27414   0.34576  17.43875
H      6.07744   1.20627  17.04616
H      6.80362   0.27363  18.20728
O      4.55099   3.81003  11.56817
H      4.15819   4.02027  10.67432
H      4.40652   4.59281  12.17937
O      7.98380   4.37263  12.51388
H      7.71901   3.56359  11.98234
H      8.94466   4.10850  12.77869
O      6.41153   6.89974  15.37801
H      5.90526   6.85228  16.20866
H      6.66368   5.91975  15.23190
O      1.48367   2.09227  13.80046
H      2.19356   1.88187  13.13489
H      0.73387   2.63881  13.45699
O      2.57580   8.72223   8.52530
H      2.50635   8.61330   9.51376
H      1.71480   8.28763   8.24182
O      6.45988   8.45818  22.96495
H      5.90980   7.68260  23.33376
H      6.83633   8.07936  22.17666
O     11.66682   1.23971  24.85757
H     12.03880   0.65004  24.21118
H     12.42663   1.82113  24.99960
O     10.23800   7.73895  22.40635
H     10.88503   7.84972  23.19839
H      9.57034   7.15958  22.74734
O      2.62608   8.11385  17.52066
H      2.38611   8.23393  16.60101
H      1.73031   8.21141  17.90308
O      8.27892   0.77789   8.25095
H      8.20628   1.61968   7.77984
H      7.36407   0.39252   8.20171
O      5.57134   8.07364  25.48629
H      5.85253   7.20488  25.79072
H      5.62833   8.52489  26.34162
O     11.81498  -0.52000  13.73530
H     12.22577   0.36694  13.83400
H     10.84994  -0.36928  13.88866
O     10.50415   3.63693  13.32108
H     10.90371   4.55146  13.36389
H     10.30580   3.42820  14.29793
O      5.59478   5.75669  23.86294
H      6.24835   5.14446  23.51575
H      4.75939   5.29684  23.84774
O      9.52333   7.86744  15.20743
H      8.64631   7.40878  15.34954
H      9.90335   8.07548  16.11078
O      7.51592   4.76797   8.17165
H      8.49722   5.08059   8.04648
H      7.21150   4.89685   7.22966
O      0.41915   8.49461  24.69873
H     -0.09277   8.99379  25.40225
H      1.10864   9.20347  24.43176
O      6.50573   0.07207  27.17511
H      6.49904  -0.89227  26.99843
H      6.52488   0.41933  26.27362
O      7.98737   2.07712  10.84033
H      7.71104   1.95251   9.89485
H      8.97140   2.05547  10.76430
O      9.80961   6.20960   8.02980
H     10.72326   6.23540   8.58827
H     10.17210   6.13634   7.13441
O      1.88339   2.45454  22.05259
H      1.28694   3.17882  21.76718
H      1.72282   1.74236  21.44923
O      9.89034   0.70799  28.66952
H      9.55148   1.54645  28.09837
H      9.01931   0.33556  28.65422
O      9.08044   3.72195  20.91450
H      9.32323   2.87664  20.52295
H      9.75496   4.09266  21.47063
O      8.93821   8.86114  19.49026
H      8.13496   9.00934  18.91486
H      9.02966   9.45671  20.25269
O      6.17500   1.00480  20.21195
H      5.62827   1.82870  20.25216
H      6.33394   0.64234  21.12379
O      2.24888   3.64442  25.46055
H      3.05644   3.34210  25.94939
H      1.64519   3.73688  26.23634
O      7.16517  11.13282  22.43306
H      7.87660  11.46541  22.96183
H      7.06055  10.18888  22.75698
O      5.14203   7.12289  17.69822
H      4.30641   7.66686  17.71554
H      5.09570   6.51057  18.46212
O      5.92424   8.62071  27.98938
H      6.70417   8.40960  28.56075
H      5.20647   8.62079  28.66478
O      3.01810   7.25991  26.54455
H      3.02753   8.21856  26.68840
H      3.35551   7.08704  25.67397
O     -0.62584  12.18277  11.06275
H     -0.94282  11.24286  10.87232
H      0.14823  11.91138  11.61477
O      0.08653   7.94404  11.08286
H     -0.72487   8.53408  10.89516
H     -0.02605   7.43491  11.94635
O      4.95550   9.09703  14.59484
H      5.60846   8.46128  14.95899
H      5.09242   9.10554  13.59720
O      2.94726   3.08313  16.27918
H      2.43991   2.78484  15.48949
H      3.92139   2.89916  16.15279
O     11.66469  10.75609  26.77289
H     11.85865  11.46782  26.08003
H     11.05541  11.26768  27.39200
O      4.75019   5.92792  28.15203
H      5.63743   6.32035  28.23273
H      4.28865   6.52588  27.53075
O      2.47027   0.54405  10.20903
H      2.04777   0.81080   9.40570
H      2.96804  -0.23924  10.02650
O      4.61864   2.39452  25.82755
H      4.65970   2.61060  24.88308
H      5.37824   2.81668  26.24396
O      8.27510   3.29270  25.07979
H      8.28540   3.49586  24.08105
H      8.52796   4.25333  25.25033
O      4.33176  10.29129  21.41809
H      5.21700   9.91813  21.68616
H      4.58824  10.93573  20.70607
O      0.72797   3.82606  10.53180
H      0.65932   2.89743  10.18628
H      1.10080   3.77754  11.41541
O      2.05138   5.90431  23.69578
H      2.31230   5.25485  24.38409
H      1.49873   6.51860  24.17402
O      4.24263  10.47144  24.74158
H      3.86460  10.79960  25.58783
H      4.43812   9.56830  24.97651
O      9.79959   0.86811  16.95690
H      9.30547   0.87614  17.80839
H     10.73387   0.80885  17.20936
O      7.69953   7.28178  11.83797
H      7.47846   6.51969  12.38420
H      7.29370   6.98754  10.99393
O      0.81499   3.63315  27.93697
H      0.67579   4.61108  27.92263
H      1.25247   3.30826  28.75924
O      9.75349   3.25049  15.79621
H      9.83958   2.35670  16.17357
H     10.39997   3.79155  16.36377
O      3.86973   2.92038   8.56138
H      3.52271   3.43476   7.78066
H      4.62411   2.45906   8.17328
O      7.19454   4.49074  15.04729
H      7.36989   4.39057  14.04254
H      7.99345   4.11166  15.55719
O      2.75322  11.08931   7.52137
H      2.09356  11.78762   7.52613
H      2.45899  10.13281   7.72831
O     10.14686  10.84249  21.45040
H     11.04670  10.81613  21.09882
H     10.02991  10.13050  22.07727
O      4.69248   5.56264  19.95907
H      4.13979   6.39258  20.15174
H      5.59886   5.74856  20.33946
O      3.61448  10.94138  18.43089
H      3.40566   9.97561  18.13400
H      4.54557  11.11665  18.03733
O      8.75273   0.72996  24.55856
H      8.47264   1.61807  24.92255
H      9.72275   0.78502  24.57930
O      7.50395   6.70184  20.67108
H      8.15046   5.97997  20.57964
H      7.99641   7.36601  20.09389
O      7.54308   6.36729  27.60505
H      8.15898   6.86818  28.14120
H      7.76151   5.41684  27.77403
O      6.40598   7.06304   9.12979
H      6.71267   6.08912   8.78656
H      5.49822   7.06525   8.88018
Pt    -0.08539  -0.02547   5.17343
Pt     2.86720  -0.02652   5.14136
Pt     5.59137  -0.04966   5.10730
Pt     8.37539  -0.09997   5.11105
Pt    -0.00827   2.80704   5.12973
Pt     2.82960   2.85496   5.13416
Pt     5.73026   2.86996   5.09733
Pt     8.44275   2.63184   5.11120
Pt    -0.02377   5.61110   5.08479
Pt     2.69075   5.63368   4.99774
Pt     5.66739   5.65388   5.03928
Pt     8.51877   5.47028   5.03365
Pt     0.12259   8.40119   5.18588
Pt     2.90023   8.37213   5.18853
Pt     5.62259   8.32276   5.10627
Pt     8.48872   8.28187   5.15045
Pt     1.40560   1.40560   3.05641
Pt     4.21710   1.40560   3.05642
Pt     7.02856   1.40560   3.05642
Pt     9.84007   1.40560   3.05641
Pt     1.40560   4.21710   3.05642
Pt     4.21710   4.21710   3.05642
Pt     7.02856   4.21710   3.05643
Pt     9.84007   4.21710   3.05641
Pt     1.40560   7.02856   3.05642
Pt     4.21710   7.02856   3.05643
Pt     7.02856   7.02856   3.05643
Pt     9.84007   7.02856   3.05642
Pt     1.40560   9.84007   3.05641
Pt     4.21710   9.84007   3.05641
Pt     7.02856   9.84007   3.05642
Pt     9.84007   9.84007   3.05640
Pt    -0.00014  -0.00014   1.02525
Pt     2.81138  -0.00014   1.02526
Pt     5.62286  -0.00014   1.02525
Pt     8.43433  -0.00014   1.02526
Pt    -0.00014   2.81138   1.02526
Pt     2.81138   2.81138   1.02527
Pt     5.62286   2.81138   1.02526
Pt     8.43433   2.81138   1.02527
Pt    -0.00014   5.62286   1.02525
Pt     2.81138   5.62286   1.02526
Pt     5.62286   5.62286   1.02526
Pt     8.43433   5.62286   1.02526
Pt    -0.00014   8.43433   1.02526
Pt     2.81138   8.43433   1.02527
Pt     5.62286   8.43433   1.02526
Pt     8.43433   8.43433   1.02527
Pt     1.40566   1.40566  34.91474
Pt     4.21716   1.40566  34.91474
Pt     7.02863   1.40566  34.91473
Pt     9.84013   1.40566  34.91475
Pt     1.40566   4.21716  34.91474
Pt     4.21716   4.21716  34.91474
Pt     7.02863   4.21716  34.91473
Pt     9.84013   4.21716  34.91475
Pt     1.40566   7.02863  34.91473
Pt     4.21716   7.02863  34.91473
Pt     7.02863   7.02863  34.91473
Pt     9.84013   7.02863  34.91474
Pt     1.40566   9.84013  34.91475
Pt     4.21716   9.84013  34.91475
Pt     7.02863   9.84013  34.91474
Pt     9.84013   9.84013  34.91475
Pt    -0.00009  -0.00009  32.88361
Pt     2.81145  -0.00009  32.88359
Pt     5.62291  -0.00009  32.88359
Pt     8.43438  -0.00009  32.88359
Pt    -0.00009   2.81145  32.88359
Pt     2.81145   2.81145  32.88358
Pt     5.62291   2.81145  32.88357
Pt     8.43438   2.81145  32.88358
Pt    -0.00009   5.62291  32.88359
Pt     2.81145   5.62291  32.88357
Pt     5.62291   5.62291  32.88357
Pt     8.43438   5.62291  32.88357
Pt    -0.00009   8.43438  32.88359
Pt     2.81145   8.43438  32.88358
Pt     5.62291   8.43438  32.88357
Pt     8.43438   8.43438  32.88358
Pt     1.29733   1.37502  30.90044
Pt     4.12158   1.43332  30.68854
Pt     7.04717   1.42791  30.83122
Pt     9.71631   1.52697  30.88980
Pt     1.27723   4.20986  30.84482
Pt     4.06230   4.18021  30.84678
Pt     6.92683   4.20270  30.84837
Pt     9.70712   4.25512  30.71494
Pt     1.15291   7.00859  30.78214
Pt     4.18106   6.98817  30.88116
Pt     6.97845   7.09804  30.78319
Pt     9.69955   7.04525  30.78462
Pt     1.39856   9.81663  30.86870
Pt     4.32723   9.89772  30.86120
Pt     7.05456   9.98207  30.72742
Pt     9.80277   9.76414  30.89570
