O      8.35927   7.32777   8.45981
H      8.78846   6.41139   8.35675
H      9.06000   7.93948   8.19434
O      6.17345   8.25307   7.53529
H      5.60871   8.05494   8.27844
H      7.04244   7.70023   7.74445
O      1.72037   2.39017  18.66918
H      1.89433   2.19032  17.74692
H      2.55964   2.75094  19.03119
O      7.26595  10.74308  11.44478
H      7.68062  11.50554  10.87363
H      7.41051  10.95001  12.35256
O      9.92547   3.70946  27.91144
H     10.93049   3.78461  27.91378
H      9.53711   3.68113  26.97719
O     10.63639   5.32440  24.69430
H      9.78271   5.14583  25.12772
H     10.66831   6.31125  24.66147
O      0.39868   8.59903  16.80008
H      0.46859   8.57654  17.74564
H      0.68208   9.53267  16.59550
O      6.05853   0.65790  13.77836
H      5.54244   1.04796  12.98322
H      5.80997  -0.29465  13.74714
O     10.90070   4.01449  22.19161
H     10.71423   4.42630  23.03730
H     11.13596   4.84511  21.62134
O      6.15786   3.99495  27.71004
H      5.29673   4.38777  27.78558
H      6.29777   3.59809  28.60992
O      3.36133   9.69501  11.88441
H      2.56125   9.12482  11.91604
H      4.20716   9.29088  11.99495
O      4.41889   2.23743  23.55935
H      4.42212   1.41665  23.00113
H      3.63160   2.68604  23.29304
O      0.29626   6.28128  27.69076
H      0.50669   6.53458  28.64155
H      1.03620   5.65449  27.49537
O      0.90614   0.03475  16.22993
H      1.79857   0.21305  16.58933
H      0.92904   0.40073  15.34306
O      0.51182   6.09785   9.43418
H      1.36029   5.60874   9.49030
H      0.51613   6.62488  10.26782
O      6.92290   3.65615  23.60632
H      7.29505   3.83868  22.66219
H      6.13184   3.04948  23.54978
O     10.41303   8.26918  26.50694
H     10.83665   9.01790  26.90276
H     10.87576   7.51202  26.94851
O      4.17944   0.42952  28.12208
H      5.06452  -0.00636  28.21666
H      4.41210   0.79272  27.25648
O      1.91872   9.96470  28.22960
H      1.14030  10.42889  27.81615
H      2.71628  10.50988  28.33766
O      5.86783   8.44523  11.09686
H      6.38438   7.68278  11.46280
H      6.40743   9.27646  11.12724
O      3.92152   7.89249   9.55113
H      4.24181   8.15390  10.43394
H      3.71424   6.95130   9.59195
O      1.40015   0.33750  20.56283
H      2.25011  -0.18394  20.49751
H      1.54062   0.96971  19.78811
O     11.20088   6.29143  20.62382
H     10.48699   6.95146  20.54185
H     11.32320   5.78384  19.80599
O     10.19937   9.32687   8.12519
H     11.06660   8.85139   8.22513
H     10.15555   9.88351   7.34012
O      8.65749  10.22940  14.25042
H      8.81747  10.81637  15.02608
H      9.03559   9.33184  14.34774
O      1.06312  10.16271  23.30307
H      0.92267  10.91256  22.60589
H      1.97945  10.38726  23.62412
O      0.41877   4.83040  18.32706
H      0.69731   3.91520  18.50081
H      1.06851   5.17284  17.69920
O      0.12695   6.34413  14.12561
H      0.73067   6.25641  14.89432
H     -0.71670   6.72464  14.47333
O      1.22476   1.74473   8.33246
H      0.30061   1.50724   8.63623
H      1.13434   2.23908   7.49511
O      2.09319   5.43958  16.35735
H      2.16731   4.47376  16.28596
H      2.96092   5.70460  16.66364
O      4.41623   5.17460  13.61677
H      4.66478   5.29024  14.55453
H      3.44916   5.14359  13.59028
O      8.73657   1.41857  19.20837
H      8.93853   0.53063  19.58459
H      7.76816   1.50049  19.42180
O      9.17459   8.21789  11.09135
H      8.91048   9.16875  11.14279
H      8.89435   7.96911  10.16293
O      5.77798  10.92710   7.44638
H      4.86932  10.98059   7.66590
H      6.06204   9.96403   7.60886
O      3.94940   2.14214  12.49695
H      3.70204   1.75355  11.61513
H      4.62358   2.75997  12.28108
O      2.33201   7.26250  21.79226
H      1.61388   6.69079  21.37615
H      1.79750   7.67261  22.52072
O      5.21922   2.34150  15.75447
H      5.43574   1.82001  14.92939
H      5.81924   3.08496  15.53963
O      7.07825   9.95374  17.57281
H      6.46361  10.73018  17.81882
H      6.90071   9.88556  16.59619
O      3.67129   3.35950  19.94957
H      3.16551   3.14455  20.71836
H      3.97868   4.29114  19.97506
O      5.28098   0.85516  17.90663
H      5.38990   1.48482  17.05424
H      5.85036   1.11909  18.67850
O      5.55849   4.62024  10.75203
H      6.18369   4.28470  10.08468
H      6.04039   5.37049  11.19162
O      8.38138   3.72837  13.01051
H      8.18520   2.98102  12.42236
H      9.40576   3.68644  13.16378
O      6.81965   6.75422  15.90333
H      6.32390   6.54556  16.77681
H      7.07777   5.86198  15.53355
O      1.36780   1.73138  13.57890
H      2.20863   1.78757  13.06330
H      0.94252   2.58161  13.45754
O      1.80538   8.89487   8.13505
H      2.41663   8.45072   8.86850
H      1.50177   8.29424   7.40887
O      7.39570   8.78432  22.38713
H      6.97293   8.64546  23.26062
H      7.34527   7.91519  21.80920
O      9.93626   0.29782  24.86255
H     10.16120   0.00836  23.94222
H     10.35111   1.19102  24.95142
O      9.78936   9.75284  22.69703
H     10.62513   9.41574  22.99291
H      9.14329   9.07490  22.92488
O      3.36300   8.53787  15.42303
H      4.20253   8.48088  14.91233
H      2.63741   8.19430  14.86809
O      9.69728   1.12755   7.99059
H      9.86514   1.33182   7.04796
H      8.73538   0.93267   8.14586
O      6.01147   8.49069  24.51974
H      5.67888   7.55835  24.46404
H      6.63633   8.40257  25.28150
O     10.08272   0.63278  12.66130
H     10.91044   0.80761  13.14059
H      9.55769   0.00532  13.32188
O     10.86204   3.73255  14.01134
H     10.99987   4.69262  13.80493
H     10.50258   3.57669  14.97455
O      5.15289   5.88923  23.94128
H      5.74755   5.17640  24.16833
H      4.24258   5.63574  24.16584
O      9.42022   7.88472  15.21856
H      8.67646   7.51385  15.78685
H     10.10712   8.23010  15.81495
O      7.48677   3.50958   8.90697
H      8.27714   4.10996   8.74462
H      6.95192   3.56919   8.06706
O      1.16306   7.53178  24.34884
H      0.86493   8.10554  25.07476
H      1.80196   6.89640  24.72347
O      6.78957   0.23062  27.68608
H      7.30120  -0.71096  27.73656
H      6.82223   0.39308  26.74774
O      8.38998   1.69831  10.60218
H      8.21375   2.36272   9.89583
H      9.18872   1.72104  11.08514
O      9.66045   5.15033   8.28701
H     10.47242   5.37779   8.85320
H      9.99697   5.07039   7.36683
O      2.12853   2.40335  22.11460
H      1.24514   2.85117  22.24547
H      1.95514   1.52933  21.69487
O      9.22775   1.09634  28.15913
H      9.24383   2.06473  28.26672
H      8.27715   0.86598  27.94656
O      8.51757   3.96230  21.17406
H      8.26251   3.01703  20.92552
H      9.40599   3.92724  21.62692
O      8.62169   7.90834  18.78395
H      8.01996   8.49139  18.27880
H      9.05577   8.67986  19.23329
O      6.18423   1.87259  20.51077
H      5.28545   2.33609  20.47721
H      6.15555   1.08108  21.18507
O      0.22423   2.36578  25.32360
H      0.67074   2.08905  26.16969
H     -0.47743   2.97542  25.80681
O      6.29758  11.17281  22.55037
H      6.84708  11.51377  23.33664
H      6.60099  10.27786  22.18585
O      4.35925   6.59065  17.47081
H      4.28728   7.36776  16.91285
H      4.32017   6.83842  18.41977
O      7.56080   8.66030  27.42765
H      8.48727   8.57311  27.71670
H      7.25048   8.81971  28.33945
O      3.51413   8.34126  27.09687
H      2.75940   8.96631  27.33278
H      3.74858   8.39233  26.17109
O      0.16982  10.98044  10.59841
H     -0.27965  10.73508   9.80855
H     -0.48038  11.27804  11.28348
O      0.92540   7.90904  11.78409
H      0.23091   8.51135  11.46407
H      0.61339   7.56895  12.68548
O      5.82003   8.80110  14.16883
H      6.19002   7.95843  14.55155
H      5.76743   8.76548  13.17915
O      2.48301   2.84203  15.75417
H      2.07521   2.36830  14.94784
H      3.41805   2.59644  15.71303
O     11.22977  10.94249  27.09212
H     10.95747  10.95397  26.10403
H     10.43322  11.51734  27.49658
O      3.18712   5.72216  27.90249
H      3.30503   5.55319  28.87590
H      3.27363   6.69830  27.76196
O      3.28858   0.72297  10.34842
H      3.46343  -0.16541  10.86197
H      2.37223   0.75185  10.01303
O      5.14328   1.75804  26.09330
H      4.47495   1.97946  25.43255
H      5.08808   2.40320  26.78877
O      8.32942   4.40372  26.04580
H      7.90935   4.23829  25.12958
H      7.57517   4.46661  26.70653
O      3.33302   9.71629  20.31230
H      3.44457   9.48583  19.36257
H      2.85320   8.94403  20.65837
O      3.05074   4.85761   9.64790
H      2.75897   3.93487   9.60111
H      4.00897   4.83962  10.07002
O      2.73024   5.03892  25.17006
H      1.96703   4.45123  24.96797
H      2.85702   5.05586  26.13592
O      3.82102  10.70184  24.00200
H      4.16551  10.79947  24.91482
H      4.50193  10.23786  23.53798
O      9.51439   0.78876  16.46306
H      9.17657   0.90781  17.34433
H     10.39145   0.43992  16.61923
O      7.42540   6.46568  12.11210
H      7.73911   5.84543  12.74243
H      8.14501   7.05391  11.76170
O      1.52427   2.70485  27.94304
H      2.45973   2.90365  28.31881
H      1.15982   2.53115  28.85522
O      9.87961   3.60385  16.56360
H      9.71941   2.60480  16.71598
H     10.47125   4.08407  17.22895
O      4.89972   2.87994   8.19068
H      4.73236   2.76003   7.19000
H      4.73929   2.01018   8.64379
O      7.34506   4.31207  15.54489
H      7.69576   3.98603  14.57497
H      8.05454   4.00310  16.09223
O      2.86499  11.16721   7.31111
H      2.13163  11.72954   7.70345
H      2.52585  10.23337   7.60273
O     10.00093   9.92645  19.90512
H     10.89274  10.35557  19.72416
H      9.90783  10.04422  20.88185
O      4.61420   6.15775  20.06724
H      4.19024   6.33562  20.91699
H      5.61262   6.26685  20.21398
O      3.09891  10.34394  17.63194
H      3.30515   9.75309  16.86018
H      3.76528  11.10044  17.60570
O      7.66430   1.06695  24.87169
H      7.66837   1.91043  24.35599
H      8.52355   0.62276  24.76723
O      7.22972   6.69539  20.67464
H      7.66074   5.80807  20.78618
H      7.65756   7.09585  19.83609
O      8.43151   5.86014  28.41608
H      8.28815   6.26629  27.55890
H      9.10879   5.13012  28.36819
O      3.50257   5.92919   6.85361
H      3.52283   5.07878   7.39636
H      4.58331   6.13606   6.75497
Pt     0.07212  -0.00829   5.09349
Pt     2.96927   0.07960   5.15320
Pt     5.67269   0.02718   5.13408
Pt     8.50885   0.24041   5.22246
Pt    -0.15457   2.83611   5.14915
Pt     2.68390   2.85505   5.15194
Pt     5.62317   2.98430   5.08646
Pt     8.40146   2.91326   5.04555
Pt    -0.19203   5.62710   5.13545
Pt     2.78609   5.63897   5.08479
Pt     5.59377   5.71594   5.14180
Pt     8.35411   5.76069   5.07736
Pt    -0.02848   8.40810   5.18353
Pt     2.78309   8.37493   5.16533
Pt     5.57085   8.40988   5.01221
Pt     8.35088   8.55479   5.08870
Pt     1.40560   1.40560   3.05641
Pt     4.21710   1.40560   3.05642
Pt     7.02856   1.40560   3.05642
Pt     9.84007   1.40560   3.05641
Pt     1.40560   4.21710   3.05642
Pt     4.21710   4.21710   3.05642
Pt     7.02856   4.21710   3.05643
Pt     9.84007   4.21710   3.05641
Pt     1.40560   7.02856   3.05642
Pt     4.21710   7.02856   3.05643
Pt     7.02856   7.02856   3.05643
Pt     9.84007   7.02856   3.05642
Pt     1.40560   9.84007   3.05641
Pt     4.21710   9.84007   3.05641
Pt     7.02856   9.84007   3.05642
Pt     9.84007   9.84007   3.05640
Pt    -0.00014  -0.00014   1.02525
Pt     2.81138  -0.00014   1.02526
Pt     5.62286  -0.00014   1.02525
Pt     8.43433  -0.00014   1.02526
Pt    -0.00014   2.81138   1.02526
Pt     2.81138   2.81138   1.02527
Pt     5.62286   2.81138   1.02526
Pt     8.43433   2.81138   1.02527
Pt    -0.00014   5.62286   1.02525
Pt     2.81138   5.62286   1.02526
Pt     5.62286   5.62286   1.02526
Pt     8.43433   5.62286   1.02526
Pt    -0.00014   8.43433   1.02526
Pt     2.81138   8.43433   1.02527
Pt     5.62286   8.43433   1.02526
Pt     8.43433   8.43433   1.02527
Pt     1.40566   1.40566  34.91474
Pt     4.21716   1.40566  34.91474
Pt     7.02863   1.40566  34.91473
Pt     9.84013   1.40566  34.91475
Pt     1.40566   4.21716  34.91474
Pt     4.21716   4.21716  34.91474
Pt     7.02863   4.21716  34.91473
Pt     9.84013   4.21716  34.91475
Pt     1.40566   7.02863  34.91473
Pt     4.21716   7.02863  34.91473
Pt     7.02863   7.02863  34.91473
Pt     9.84013   7.02863  34.91474
Pt     1.40566   9.84013  34.91475
Pt     4.21716   9.84013  34.91475
Pt     7.02863   9.84013  34.91474
Pt     9.84013   9.84013  34.91475
Pt    -0.00009  -0.00009  32.88361
Pt     2.81145  -0.00009  32.88359
Pt     5.62291  -0.00009  32.88359
Pt     8.43438  -0.00009  32.88359
Pt    -0.00009   2.81145  32.88359
Pt     2.81145   2.81145  32.88358
Pt     5.62291   2.81145  32.88357
Pt     8.43438   2.81145  32.88358
Pt    -0.00009   5.62291  32.88359
Pt     2.81145   5.62291  32.88357
Pt     5.62291   5.62291  32.88357
Pt     8.43438   5.62291  32.88357
Pt    -0.00009   8.43438  32.88359
Pt     2.81145   8.43438  32.88358
Pt     5.62291   8.43438  32.88357
Pt     8.43438   8.43438  32.88358
Pt     1.40124   1.39735  30.80452
Pt     4.34240   1.34276  30.71884
Pt     7.05448   1.17431  30.80309
Pt     9.93760   1.17858  30.73173
Pt     1.47541   4.20523  30.88413
Pt     4.34384   4.18116  30.80113
Pt     7.15886   3.93252  30.83279
Pt     9.96236   4.15947  30.76146
Pt     1.45027   6.93627  30.84179
Pt     4.26922   6.88582  30.79124
Pt     7.02259   6.86977  30.90252
Pt     9.79138   6.87276  30.71139
Pt     1.42054   9.78465  30.78749
Pt     4.25159   9.65372  30.84871
Pt     7.00019   9.67940  30.76254
Pt     9.64345   9.66569  30.77652
