O      8.84741   7.90106   8.27394
H      9.02905   7.00945   7.99186
H      9.65971   8.34583   8.02952
O      6.07850   8.42042   8.41278
H      5.80169   7.59725   8.04864
H      7.06122   8.28208   8.41689
O      1.65460   2.33492  18.44650
H      2.06577   2.21648  17.58328
H      2.42951   2.67807  18.95098
O      7.15234  11.10219  11.20907
H      7.79264  11.79939  11.01976
H      6.69642  11.28157  12.09025
O      9.80621   3.31916  27.30882
H     10.76687   3.40840  27.53207
H      9.57009   3.55613  26.40163
O     10.47809   5.22381  24.95289
H      9.51445   5.00559  25.09575
H     10.55760   6.24734  25.02635
O      0.36745   8.39702  16.50394
H      0.46511   8.45714  17.49731
H      0.27050   9.37887  16.34299
O      5.47029   0.48870  13.86964
H      4.89034   1.10169  13.33389
H      5.05880  -0.40723  14.00375
O     11.26273   4.59657  22.22918
H     10.90217   4.80940  23.14323
H     11.29703   5.48489  21.76381
O      6.00023   3.75333  27.66839
H      5.43036   4.50789  27.94348
H      6.27096   3.50517  28.58823
O      2.62840  10.37162  13.17278
H      1.70696  10.04885  13.14064
H      3.27052   9.76027  12.83212
O      4.43661   2.14858  22.84248
H      4.27606   1.25175  23.20663
H      3.53489   2.38800  22.63157
O      0.05605   5.99316  28.13874
H     -0.02923   6.51615  29.04393
H      0.96572   6.23741  27.85102
O      0.76222  -0.25901  16.14416
H      1.67099  -0.34361  16.59649
H      0.89424   0.17497  15.26633
O      0.66902   6.11730   9.54984
H      1.35344   5.41878   9.68260
H      0.64953   6.55643  10.45149
O      6.59997   3.46852  23.25158
H      7.24384   3.38055  22.47354
H      5.69310   2.99857  23.23505
O      9.69131   8.33878  26.86839
H     10.29291   9.09522  27.25387
H     10.19275   7.52974  27.07864
O      4.37223   0.82814  28.04808
H      5.36525   0.96831  27.89770
H      3.84017   1.52970  27.58490
O      1.82243   9.94077  28.40317
H      1.08665  10.17791  27.75383
H      2.43905  10.71641  28.46531
O      6.09543   8.53010  12.20282
H      6.78956   7.85778  12.44245
H      6.59201   9.25113  11.67131
O      3.90190   8.65298  10.36293
H      4.80344   8.27931  10.29671
H      3.43272   7.90398  10.75822
O      1.76165   0.31494  20.17793
H      2.32467  -0.47915  20.09303
H      1.89243   0.94066  19.39352
O     11.14110   6.54360  20.21408
H     10.62591   7.18682  19.73071
H     11.38531   5.81608  19.62104
O     10.93243   9.67567   7.88623
H     11.38507   9.51063   7.03698
H     10.21969  10.33869   7.67018
O      8.59227  10.29399  14.92057
H      8.91448  10.81791  15.62914
H      8.93049   9.39485  15.06606
O      1.57625  10.02520  22.76002
H      1.41722  10.64654  21.95970
H      2.49825  10.22935  23.00049
O      0.32878   4.65861  18.36343
H      0.73780   3.71590  18.40988
H      0.89722   4.97301  17.61132
O      0.29268   6.47696  14.17667
H      0.84218   5.97561  14.84931
H     -0.51963   6.88188  14.63906
O      0.85806   2.18349   7.93766
H     -0.00780   1.70236   8.08651
H      0.75021   2.91539   7.28940
O      1.95659   5.28004  16.24815
H      2.42940   4.33365  16.14178
H      2.74599   5.93472  16.18469
O      4.23911   5.31154  12.97515
H      4.98497   5.67305  13.50801
H      3.47352   5.69857  13.41946
O      8.56686   1.37761  19.24997
H      9.03478   0.71214  19.76295
H      7.65174   1.35752  19.55328
O      9.79576   8.76066  11.14358
H      9.13258   9.42558  11.46901
H      9.47301   8.51710  10.23565
O      5.47377  10.97905   7.47131
H      4.46721  10.91531   7.65742
H      5.74229  10.00142   7.75178
O      3.89452   2.12743  12.37512
H      3.46651   1.84627  11.53785
H      4.36903   2.98708  12.25176
O      2.19577   7.56427  21.76023
H      1.37477   7.34548  21.25464
H      1.87829   7.86628  22.65874
O      5.59817   2.17226  16.26326
H      5.62161   1.51344  15.49494
H      6.29023   2.87348  15.88816
O      7.05860  10.15730  17.27821
H      6.36065  10.54468  17.76359
H      6.87700  10.61193  16.44894
O      3.47346   3.70162  19.74053
H      3.19382   3.48602  20.63491
H      3.87901   4.60964  19.66632
O      5.00337   0.37626  18.27923
H      5.34037   1.04902  17.66593
H      5.15656   0.73865  19.16640
O      5.35149   4.13114  11.01471
H      5.68761   3.92041  10.12161
H      5.98317   4.85156  11.25712
O      8.11935   3.71062  12.90718
H      8.20242   3.04156  12.19211
H      9.11289   3.87866  13.11221
O      6.54917   6.81389  15.63926
H      6.01050   6.94955  16.42436
H      6.90795   5.91973  15.60733
O      1.18759   1.64400  13.93749
H      1.96143   1.73642  13.31587
H      0.62977   2.42068  13.74347
O      2.44573   8.65110   7.98285
H      3.12140   8.51357   8.76912
H      1.54446   8.45093   8.33799
O      7.37051   8.36464  22.41476
H      7.04658   7.97914  23.25243
H      7.32899   7.68465  21.72475
O     10.83741   0.19076  24.70544
H     11.25068  -0.55402  24.19738
H     11.49191   0.92048  24.69160
O     10.05937   9.37963  22.25456
H     10.51142   8.85447  22.90148
H      9.11216   8.90069  22.28828
O      2.96949   8.37997  15.49254
H      3.67342   8.78207  14.84808
H      2.06824   8.46490  15.22666
O      9.50099   0.89347   8.04555
H      8.86306   1.21422   7.37461
H      8.95008   0.71938   8.84950
O      5.69928   8.38623  25.31376
H      5.61574   7.42985  25.07036
H      6.48608   8.43484  25.97649
O     10.31299   0.21521  12.50303
H     10.92369   0.65550  13.13884
H      9.66084  -0.07557  13.14177
O     10.65785   3.92912  13.71011
H     10.92637   4.85214  13.42156
H     10.38689   3.83916  14.66495
O      5.37265   5.89602  24.22057
H      5.95417   5.15845  23.90776
H      4.41622   5.70099  24.29298
O      9.30856   7.42329  15.45635
H      8.33600   7.31066  15.53122
H      9.81763   7.64169  16.32797
O      7.40837   3.49228   8.80436
H      8.05595   3.93855   8.16314
H      6.73504   3.16620   8.21484
O      1.07369   7.51602  24.70094
H      1.41617   8.07942  25.38249
H      1.44061   6.61627  24.88110
O      7.20203   0.19555  27.68501
H      7.30804  -0.85975  27.75898
H      7.32681   0.43582  26.72015
O      8.59650   2.17675  10.71764
H      8.41293   2.64832   9.91434
H      9.46710   1.84532  10.59032
O      9.74135   4.99964   8.05155
H     10.49813   5.34811   8.60999
H     10.13408   4.45821   7.34048
O      2.08718   2.82658  21.79165
H      1.30270   3.36804  21.87080
H      1.79260   1.97243  21.44097
O      9.38048   1.09756  28.58740
H      9.38818   2.00300  28.15063
H      8.43359   0.64412  28.27970
O      8.72690   3.68012  21.16052
H      8.63445   3.23741  20.25444
H      9.68145   3.89428  21.29540
O      8.70635   8.10057  18.60798
H      7.96226   8.50778  18.11857
H      9.17942   8.87143  18.94907
O      6.18091   1.54928  20.41445
H      5.95078   2.48186  20.61848
H      5.96082   0.88930  21.12651
O      1.18597   2.84582  24.90457
H      1.53638   2.61281  25.79263
H      0.31984   3.14384  25.25735
O      6.14615  10.90803  22.42548
H      6.91682  11.38267  22.82854
H      6.38675  10.00140  22.18608
O      4.59422   7.00401  17.45271
H      3.90582   7.64641  17.15251
H      4.70552   7.13640  18.42322
O      7.10063   8.67612  27.55291
H      7.83545   8.06373  27.69714
H      6.55128   8.36083  28.31703
O      3.47819   8.08623  26.62663
H      3.46725   8.61199  27.43160
H      4.36305   8.31459  26.11105
O      0.06521  11.25657   9.97948
H      0.01491  10.54226   9.28671
H     -0.29903  10.98263  10.82352
O      0.95172   7.91716  11.75384
H      0.06218   8.28639  11.54203
H      0.89772   7.44276  12.61020
O      5.08579   9.11146  14.49947
H      5.49911   8.48783  15.13818
H      5.60814   8.89505  13.66555
O      3.11977   2.84485  16.20403
H      2.72897   2.46362  15.45694
H      4.06155   2.68514  16.19043
O     10.88362  10.72595  27.33606
H     10.89395  11.04762  26.40945
H     10.40699  11.41412  27.85365
O      3.77009   5.53318  27.56274
H      3.63709   5.52754  28.52619
H      3.80687   6.51504  27.26110
O      2.48012   0.71736  10.47595
H      2.66992  -0.05229  10.99622
H      1.50981   0.71729  10.30301
O      3.23548   2.62997  26.51130
H      3.70972   2.43884  25.67365
H      3.91889   3.21173  26.97399
O      8.14076   4.03321  25.39211
H      7.45785   4.11319  24.64768
H      7.77197   4.44649  26.19983
O      3.86307   9.79009  20.70242
H      4.09307   9.59458  19.78568
H      3.30928   8.95475  20.98700
O      2.44452   3.86546  10.84261
H      2.53554   3.20542  10.11432
H      3.35400   4.00024  11.15419
O      2.87998   5.17604  25.01345
H      2.37295   4.37098  24.78004
H      3.08180   5.06608  25.99047
O      3.93213  10.32599  24.18814
H      4.11014   9.75020  24.95116
H      4.78442  10.31642  23.62737
O      9.68241   0.73357  16.81197
H      9.37751   0.58025  17.71755
H     10.43730   0.13067  16.62354
O      8.20837   6.73033  12.25841
H      8.24876   5.75379  12.42921
H      9.06382   7.13428  12.01016
O      1.18893   3.11321  28.12811
H      1.86014   3.85736  28.07535
H      1.14656   2.75317  29.09248
O      9.86937   3.27079  16.18093
H      9.58255   2.36844  16.38381
H     10.39735   3.68794  16.90031
O      4.72679   2.42146   8.33222
H      4.18150   2.26768   7.52486
H      4.93115   1.54063   8.67231
O      7.32280   4.09822  15.55108
H      7.67617   3.83660  14.64532
H      8.13167   3.97594  16.10430
O      2.79539  11.54419   7.51456
H      2.07001  12.28078   7.62846
H      2.36873  10.74152   7.89950
O     10.40294  10.45487  19.55591
H     11.36705  10.68717  19.52935
H     10.34047  10.19411  20.50863
O      4.36003   6.47556  20.43870
H      3.63698   6.58200  21.09704
H      5.19860   6.43129  20.93616
O      2.78503  10.20192  17.48812
H      3.11888   9.51617  16.86853
H      3.51413  10.83667  17.75175
O      8.13758   0.72266  24.61156
H      8.03538   1.62720  24.23117
H      9.11062   0.54983  24.64500
O      7.42089   6.27830  20.67448
H      7.89095   5.44172  20.85208
H      7.89355   6.71411  19.95190
O      8.12751   5.88750  27.58778
H      8.93947   5.38397  27.49459
H      7.43106   5.36510  28.06319
O      4.30355   5.93234   8.96121
H      4.09617   5.29265   9.62530
H      3.90763   5.85982   8.03222
Pt     0.01700   0.08624   5.06503
Pt     2.89783   0.05848   5.21169
Pt     5.70327   0.06499   5.16641
Pt     8.39598   0.08673   5.06149
Pt    -0.06832   2.84399   4.96990
Pt     2.79478   2.82505   5.13346
Pt     5.53629   2.89039   5.15878
Pt     8.28171   2.95447   5.19238
Pt     0.04040   5.63058   5.16474
Pt     2.59982   5.56133   4.96547
Pt     5.77965   5.61108   4.93291
Pt     8.50133   5.77929   5.11680
Pt     0.02520   8.41928   5.08231
Pt     2.73480   8.37438   5.06798
Pt     5.57223   8.42838   5.12837
Pt     8.54105   8.54254   5.11105
Pt     1.40560   1.40560   3.05641
Pt     4.21710   1.40560   3.05642
Pt     7.02856   1.40560   3.05642
Pt     9.84007   1.40560   3.05641
Pt     1.40560   4.21710   3.05642
Pt     4.21710   4.21710   3.05642
Pt     7.02856   4.21710   3.05643
Pt     9.84007   4.21710   3.05641
Pt     1.40560   7.02856   3.05642
Pt     4.21710   7.02856   3.05643
Pt     7.02856   7.02856   3.05643
Pt     9.84007   7.02856   3.05642
Pt     1.40560   9.84007   3.05641
Pt     4.21710   9.84007   3.05641
Pt     7.02856   9.84007   3.05642
Pt     9.84007   9.84007   3.05640
Pt    -0.00014  -0.00014   1.02525
Pt     2.81138  -0.00014   1.02526
Pt     5.62286  -0.00014   1.02525
Pt     8.43433  -0.00014   1.02526
Pt    -0.00014   2.81138   1.02526
Pt     2.81138   2.81138   1.02527
Pt     5.62286   2.81138   1.02526
Pt     8.43433   2.81138   1.02527
Pt    -0.00014   5.62286   1.02525
Pt     2.81138   5.62286   1.02526
Pt     5.62286   5.62286   1.02526
Pt     8.43433   5.62286   1.02526
Pt    -0.00014   8.43433   1.02526
Pt     2.81138   8.43433   1.02527
Pt     5.62286   8.43433   1.02526
Pt     8.43433   8.43433   1.02527
Pt     1.40566   1.40566  34.91474
Pt     4.21716   1.40566  34.91474
Pt     7.02863   1.40566  34.91473
Pt     9.84013   1.40566  34.91475
Pt     1.40566   4.21716  34.91474
Pt     4.21716   4.21716  34.91474
Pt     7.02863   4.21716  34.91473
Pt     9.84013   4.21716  34.91475
Pt     1.40566   7.02863  34.91473
Pt     4.21716   7.02863  34.91473
Pt     7.02863   7.02863  34.91473
Pt     9.84013   7.02863  34.91474
Pt     1.40566   9.84013  34.91475
Pt     4.21716   9.84013  34.91475
Pt     7.02863   9.84013  34.91474
Pt     9.84013   9.84013  34.91475
Pt    -0.00009  -0.00009  32.88361
Pt     2.81145  -0.00009  32.88359
Pt     5.62291  -0.00009  32.88359
Pt     8.43438  -0.00009  32.88359
Pt    -0.00009   2.81145  32.88359
Pt     2.81145   2.81145  32.88358
Pt     5.62291   2.81145  32.88357
Pt     8.43438   2.81145  32.88358
Pt    -0.00009   5.62291  32.88359
Pt     2.81145   5.62291  32.88357
Pt     5.62291   5.62291  32.88357
Pt     8.43438   5.62291  32.88357
Pt    -0.00009   8.43438  32.88359
Pt     2.81145   8.43438  32.88358
Pt     5.62291   8.43438  32.88357
Pt     8.43438   8.43438  32.88358
Pt     1.40674   1.15502  30.87852
Pt     4.22866   1.23490  30.76007
Pt     7.08201   1.32649  30.87221
Pt     9.83938   1.19964  30.83583
Pt     1.47660   4.14959  30.90047
Pt     4.20398   4.14925  30.92175
Pt     7.07640   4.16273  30.84102
Pt     9.93985   4.05251  30.85418
Pt     1.42783   6.96121  30.85669
Pt     4.27773   6.97428  30.90273
Pt     7.12244   7.04404  30.75241
Pt     9.90261   6.95169  30.91735
Pt     1.39641   9.61172  30.72042
Pt     4.22590   9.73580  30.75373
Pt     6.94166   9.74228  30.78874
Pt     9.77886   9.69654  30.80435
