O      8.55502   7.38386   8.54420
H      8.89979   6.43967   8.21690
H      9.12503   8.11100   8.08267
O      6.14338   8.24535   7.75590
H      5.46061   8.13893   8.45184
H      7.06526   7.90911   8.10723
O      1.65537   2.24936  18.58488
H      1.81296   2.20660  17.59612
H      2.49258   2.66090  19.01265
O      7.24802  10.73625  11.30929
H      7.53193  11.55289  10.90220
H      6.90058  11.08330  12.19426
O     10.06372   3.58998  27.80572
H     10.94315   3.98454  27.90597
H      9.62193   4.01841  27.06381
O     10.76115   5.26496  24.70059
H      9.95905   5.60131  25.16132
H     11.30717   6.05823  24.47974
O      0.31025   8.56966  16.78393
H      0.86561   8.10365  17.39200
H      0.51802   9.53157  16.77187
O      5.80955   0.68748  13.86236
H      5.04771   1.09619  13.45566
H      5.59056  -0.16960  14.28437
O     11.04028   4.21727  22.25875
H     11.04539   4.46391  23.26673
H     11.15013   5.07093  21.82421
O      6.01368   3.87132  27.72462
H      5.96427   4.85919  27.57255
H      6.31779   3.70599  28.65904
O      3.33956   9.84103  12.03677
H      2.58777   9.22929  11.81524
H      4.02957   9.22036  12.35966
O      4.46299   2.15968  23.26701
H      4.14405   1.25571  23.47826
H      3.50981   2.41181  22.87912
O      0.20691   6.15695  27.82136
H      0.63608   6.30795  28.68283
H      0.93326   6.19208  27.15703
O      0.85822  -0.03060  16.15478
H      1.65550  -0.07243  16.76636
H      1.22467   0.53220  15.43120
O      0.51439   6.05875   9.49918
H      1.39133   5.68444   9.26310
H      0.67507   6.68914  10.21951
O      6.91805   3.64544  23.42330
H      7.52573   3.51693  22.67373
H      6.17476   3.09461  23.11670
O     10.19537   8.25108  26.53456
H     10.37816   9.13907  26.99787
H     10.66334   7.65357  27.16352
O      4.00902   0.28350  28.52079
H      4.74337  -0.35258  28.57969
H      4.50810   0.94973  27.91875
O      2.02135  10.01148  28.38533
H      1.14101  10.36343  27.97085
H      2.57800  10.83710  28.21848
O      6.04909   8.41399  11.43348
H      6.52070   7.56607  11.62345
H      6.62669   9.17670  11.16936
O      3.90957   8.36475  10.01401
H      4.77322   8.78827  10.18861
H      4.13438   7.44030   9.98009
O      1.42825   0.27692  20.50058
H      2.24495  -0.32330  20.60662
H      1.51209   0.76400  19.66464
O     11.22697   6.28152  20.72444
H     10.40851   6.79541  20.55442
H     11.45110   5.92646  19.81961
O     10.36443   9.43049   7.96858
H     11.34608   9.16078   8.10200
H     10.31401  10.15404   7.31464
O      8.75363  10.24594  14.34250
H      8.76381  10.82296  15.15218
H      8.86752   9.26642  14.46162
O      1.06413  10.07425  23.23327
H      1.08854  10.56104  22.39270
H      1.97395   9.91784  23.47629
O      0.29144   4.83314  18.26524
H      0.69889   3.93886  18.48790
H      0.89476   5.11561  17.50178
O      0.06585   6.35466  14.07813
H      0.81235   6.54276  14.71441
H     -0.72720   6.90140  14.32539
O      1.07093   1.80303   8.26720
H      0.16385   1.37584   8.30419
H      0.97395   2.32836   7.41486
O      2.16992   5.52182  16.32437
H      2.54819   4.66227  16.00637
H      2.98982   6.03314  16.67962
O      4.35376   5.14398  13.48509
H      4.53271   5.27892  14.40270
H      3.38938   5.15967  13.33750
O      8.71170   1.36447  19.05114
H      9.11868   0.64839  19.59088
H      7.79750   1.41006  19.34549
O      9.30899   8.37198  10.86568
H      8.69298   9.09786  11.10966
H      8.95818   8.09126   9.98925
O      5.71673  10.84403   7.29760
H      4.73471  10.98363   7.57941
H      6.00301   9.94406   7.48055
O      3.99038   2.16388  12.36681
H      3.76295   1.81362  11.45334
H      3.97905   3.17938  12.28536
O      2.22356   7.39258  21.90126
H      1.29521   7.39817  21.66254
H      2.09761   7.61354  22.85848
O      5.38450   2.34138  15.76736
H      5.79956   1.71195  15.08448
H      6.17611   3.00739  15.84396
O      7.22971  10.02024  17.55439
H      6.83149  10.73619  18.13778
H      6.84797   9.98329  16.65693
O      3.64510   3.61135  19.86230
H      3.24820   3.51546  20.81085
H      4.01970   4.52635  19.88045
O      5.26592   0.79167  17.94456
H      5.14473   1.32624  17.11349
H      4.74427   1.23633  18.62338
O      5.62885   4.48861  10.74142
H      6.31390   4.11430  10.13795
H      6.04331   5.07107  11.39107
O      8.24091   3.92539  13.01511
H      8.10161   3.29837  12.27820
H      9.19390   3.81751  13.33599
O      6.81527   6.76676  15.71551
H      6.03502   6.84145  16.32796
H      6.96481   5.78776  15.66141
O      1.28452   1.74296  13.76994
H      1.94064   1.94126  13.07867
H      0.60074   2.51678  13.73438
O      1.96799   8.95343   8.12925
H      2.61277   8.88374   8.82378
H      2.36875   8.69082   7.21720
O      7.54335   8.76563  22.26803
H      6.99262   8.49942  23.05299
H      7.42380   7.99152  21.63784
O     10.30257   0.12117  24.78787
H     10.11778  -0.56776  24.08999
H     10.99470   0.67854  24.35889
O      9.96580   9.75589  22.55904
H     10.43814   9.08142  23.08961
H      9.05579   9.29766  22.28090
O      3.26868   8.43996  15.50014
H      3.96621   8.82671  14.89995
H      2.39485   8.83001  15.20565
O      9.63570   1.07781   8.02543
H      9.29542   1.54153   7.23095
H      8.89320   0.87907   8.60041
O      5.90203   8.46861  24.79061
H      5.78093   7.51072  24.58621
H      6.29351   8.50589  25.69097
O     10.00101   0.46683  12.70041
H     10.86802   0.77539  13.07914
H      9.61965  -0.11176  13.36790
O     10.82389   3.76267  13.95151
H     11.14649   4.72655  14.00103
H     10.77156   3.48147  14.87887
O      5.26978   5.94625  24.06365
H      5.81471   5.25569  23.54571
H      4.31286   5.68336  23.99044
O      9.37102   7.90085  15.29651
H      8.52190   7.54961  15.63677
H      9.82227   7.96919  16.23301
O      7.46223   3.49720   8.83220
H      7.80327   4.01133   8.04320
H      6.64001   3.00456   8.59473
O      1.14357   7.44717  24.34765
H      0.85219   8.14313  25.02356
H      1.71476   6.81587  24.86157
O      6.89655   0.09373  27.81985
H      6.91162  -0.69810  27.32085
H      6.42209   0.67189  27.13797
O      8.48083   1.80739  10.69315
H      8.26822   2.42802   9.94969
H      9.31513   1.31233  10.67567
O      9.68462   5.13680   8.18426
H     10.50444   5.43095   8.61865
H     10.05717   4.92244   7.27643
O      1.98370   2.63428  22.06452
H      1.20140   3.20506  22.20053
H      1.76796   1.76115  21.60648
O      9.32469   1.11912  28.40672
H      9.54041   2.03747  28.02400
H      8.31346   0.86911  28.38762
O      8.69936   3.89639  21.31433
H      8.63016   3.44761  20.43852
H      9.63915   3.80994  21.61996
O      8.48866   7.94657  18.75665
H      7.77788   8.47869  18.29428
H      9.11507   8.65237  19.04361
O      6.12880   1.79256  20.53913
H      5.34318   2.38056  20.68862
H      6.27351   1.29836  21.32519
O      0.37141   2.46016  25.27952
H      0.79480   2.72069  26.12987
H     -0.17340   3.27046  25.27602
O      6.35058  11.25904  22.68894
H      6.97995  11.52174  23.40711
H      6.81208  10.47473  22.34406
O      4.38828   6.68279  17.46907
H      3.93420   7.57601  17.52738
H      4.45931   6.44015  18.44587
O      7.42599   8.50858  27.55231
H      8.42025   8.50760  27.30930
H      7.38286   7.98983  28.39232
O      3.53326   8.26154  27.04103
H      2.98848   8.91588  27.55495
H      3.80186   8.73441  26.26825
O      0.11963  11.03773  10.40410
H     -0.45701  10.48477   9.78261
H     -0.38966  11.03950  11.26261
O      0.98007   7.82559  11.79509
H      0.17935   8.33915  11.54631
H      0.73266   7.14256  12.45955
O      5.65242   8.94123  14.19669
H      6.17001   8.32548  14.75012
H      6.04323   8.79049  13.31676
O      2.60115   2.77008  15.76832
H      2.09736   2.37423  15.06606
H      3.58352   2.56708  15.58680
O     11.14619  11.01512  27.19777
H     10.84613  10.96908  26.26472
H     10.39315  11.44181  27.63429
O      3.31951   5.60189  27.81494
H      3.08894   5.60539  28.75787
H      3.48256   6.57857  27.61577
O      3.11976   0.67451  10.37998
H      3.23787  -0.15342  10.83811
H      2.13106   0.80712  10.21231
O      4.56711   2.12043  26.33578
H      4.52127   2.35069  25.37193
H      5.21441   2.83238  26.68910
O      8.29854   4.31048  25.92256
H      8.01771   3.92761  25.11754
H      7.61898   4.32803  26.62402
O      3.50822   9.60261  20.38811
H      3.26240   9.56332  19.41081
H      3.18969   8.77240  20.75497
O      2.89732   4.71091   9.90271
H      2.52038   3.84822  10.04877
H      3.84108   4.62460  10.19688
O      2.54510   5.07609  25.10672
H      1.75587   4.44461  25.04082
H      2.91097   4.99551  26.02969
O      3.86215  10.52266  23.94762
H      3.81546  11.15083  24.70554
H      4.75227  10.69004  23.44060
O      9.48245   0.68132  16.58051
H      9.05601   0.64703  17.52204
H     10.39310   0.30068  16.70849
O      7.51352   6.41958  12.24300
H      7.78599   5.42420  12.30145
H      8.34009   6.79415  11.84289
O      1.52035   2.93569  27.95205
H      2.11735   3.07153  28.64343
H      1.32393   1.96987  28.11044
O      9.90611   3.50159  16.39012
H      9.92509   2.55634  16.69590
H     10.41700   3.92962  17.14075
O      4.89910   2.79702   8.24597
H      4.74167   2.64186   7.28127
H      4.47459   2.06266   8.67570
O      7.29696   4.14884  15.54853
H      7.42545   4.06039  14.56639
H      8.27336   4.02705  15.90772
O      2.73753  11.21726   7.32718
H      2.17148  11.95740   7.71450
H      2.28670  10.34880   7.69470
O     10.16529  10.11121  19.91517
H     11.01693  10.24346  19.46091
H     10.25010   9.94696  20.89644
O      4.34112   6.21379  20.26445
H      3.68465   6.80606  20.69389
H      5.23018   6.45880  20.56863
O      2.98398  10.33391  17.50551
H      3.18977   9.56653  16.91913
H      3.83576  10.82232  17.56790
O      7.70857   0.87636  24.57797
H      7.62975   1.79045  24.36599
H      8.69534   0.68475  24.79572
O      7.35895   6.58830  20.60031
H      7.90754   5.79137  20.84662
H      7.71109   6.93450  19.73520
O      8.27287   5.94558  28.33796
H      8.57837   6.29870  27.52789
H      8.95697   5.28960  28.53362
O      3.62858   5.76081   7.19339
H      3.34371   5.00561   7.78956
H      4.59851   5.37740   7.16911
Pt     0.05276   0.01130   5.09811
Pt     3.01856   0.08597   5.20364
Pt     5.65421   0.01525   5.14214
Pt     8.47347   0.24126   5.21250
Pt    -0.15513   2.84523   5.09129
Pt     2.69816   2.84227   5.16648
Pt     5.60154   2.98392   5.10024
Pt     8.35646   2.89747   5.07276
Pt    -0.13758   5.61769   5.16532
Pt     2.73339   5.62562   5.02703
Pt     5.68011   5.70452   5.06343
Pt     8.36685   5.78054   5.07977
Pt    -0.00007   8.40446   5.19257
Pt     2.75741   8.34850   5.14538
Pt     5.57228   8.40029   5.05035
Pt     8.39529   8.54746   5.09605
Pt     1.40560   1.40560   3.05641
Pt     4.21710   1.40560   3.05642
Pt     7.02856   1.40560   3.05642
Pt     9.84007   1.40560   3.05641
Pt     1.40560   4.21710   3.05642
Pt     4.21710   4.21710   3.05642
Pt     7.02856   4.21710   3.05643
Pt     9.84007   4.21710   3.05641
Pt     1.40560   7.02856   3.05642
Pt     4.21710   7.02856   3.05643
Pt     7.02856   7.02856   3.05643
Pt     9.84007   7.02856   3.05642
Pt     1.40560   9.84007   3.05641
Pt     4.21710   9.84007   3.05641
Pt     7.02856   9.84007   3.05642
Pt     9.84007   9.84007   3.05640
Pt    -0.00014  -0.00014   1.02525
Pt     2.81138  -0.00014   1.02526
Pt     5.62286  -0.00014   1.02525
Pt     8.43433  -0.00014   1.02526
Pt    -0.00014   2.81138   1.02526
Pt     2.81138   2.81138   1.02527
Pt     5.62286   2.81138   1.02526
Pt     8.43433   2.81138   1.02527
Pt    -0.00014   5.62286   1.02525
Pt     2.81138   5.62286   1.02526
Pt     5.62286   5.62286   1.02526
Pt     8.43433   5.62286   1.02526
Pt    -0.00014   8.43433   1.02526
Pt     2.81138   8.43433   1.02527
Pt     5.62286   8.43433   1.02526
Pt     8.43433   8.43433   1.02527
Pt     1.40566   1.40566  34.91474
Pt     4.21716   1.40566  34.91474
Pt     7.02863   1.40566  34.91473
Pt     9.84013   1.40566  34.91475
Pt     1.40566   4.21716  34.91474
Pt     4.21716   4.21716  34.91474
Pt     7.02863   4.21716  34.91473
Pt     9.84013   4.21716  34.91475
Pt     1.40566   7.02863  34.91473
Pt     4.21716   7.02863  34.91473
Pt     7.02863   7.02863  34.91473
Pt     9.84013   7.02863  34.91474
Pt     1.40566   9.84013  34.91475
Pt     4.21716   9.84013  34.91475
Pt     7.02863   9.84013  34.91474
Pt     9.84013   9.84013  34.91475
Pt    -0.00009  -0.00009  32.88361
Pt     2.81145  -0.00009  32.88359
Pt     5.62291  -0.00009  32.88359
Pt     8.43438  -0.00009  32.88359
Pt    -0.00009   2.81145  32.88359
Pt     2.81145   2.81145  32.88358
Pt     5.62291   2.81145  32.88357
Pt     8.43438   2.81145  32.88358
Pt    -0.00009   5.62291  32.88359
Pt     2.81145   5.62291  32.88357
Pt     5.62291   5.62291  32.88357
Pt     8.43438   5.62291  32.88357
Pt    -0.00009   8.43438  32.88359
Pt     2.81145   8.43438  32.88358
Pt     5.62291   8.43438  32.88357
Pt     8.43438   8.43438  32.88358
Pt     1.37614   1.32036  30.83151
Pt     4.32389   1.30652  30.66522
Pt     7.08496   1.19287  30.82207
Pt     9.90246   1.17814  30.73813
Pt     1.46996   4.21847  30.91093
Pt     4.30799   4.18739  30.84810
Pt     7.15146   3.96487  30.83582
Pt     9.97319   4.12570  30.78454
Pt     1.46411   6.93377  30.85810
Pt     4.27406   6.87636  30.82615
Pt     7.08139   6.93481  30.86846
Pt     9.78793   6.89320  30.74571
Pt     1.41502   9.73734  30.73433
Pt     4.24180   9.69234  30.79770
Pt     6.99147   9.71234  30.73663
Pt     9.62431   9.69787  30.76785
