O      9.08744   8.05998   8.23268
H      9.41826   7.15067   8.17446
H      9.84142   8.69559   8.09733
O      6.60348   9.04831   8.47292
H      6.03735   8.53906   9.11150
H      7.38224   8.53006   8.38819
O      2.22135   2.48769  18.21774
H      2.41773   2.37069  17.27325
H      3.00883   2.88832  18.62725
O      7.45923  11.13408  12.02662
H      7.72399  11.81566  11.38512
H      7.21158  11.47655  12.90207
O      9.09027   3.11732  27.30939
H      9.90610   3.57390  27.54371
H      8.73907   3.25399  26.34451
O     10.52244   5.40497  24.59718
H      9.57612   5.30798  24.55199
H     10.69584   6.32340  25.02734
O      0.08119   8.55321  17.07459
H      0.01705   8.73534  18.05359
H     -0.00278   9.46980  16.79634
O      6.00102   0.33935  14.23803
H      5.24620   0.57428  13.61558
H      5.91215  -0.57277  14.59875
O     11.00174   4.74173  22.05548
H     10.86971   5.35375  22.79598
H     11.34068   5.31308  21.33119
O      6.01265   3.66802  27.86345
H      5.18175   4.09645  28.10791
H      6.27519   3.14895  28.63457
O      1.80658  10.15882  13.59493
H      0.84643  10.32725  13.34278
H      2.41237  10.02258  12.86932
O      4.25141   1.76812  23.18167
H      4.00821   0.94774  23.65991
H      3.45508   2.06867  22.75545
O      0.29208   6.26002  27.47496
H      0.59769   6.65703  28.36353
H      0.94123   6.54460  26.81056
O      0.87022   0.02556  16.41000
H      1.59092  -0.12505  17.02269
H      1.10762  -0.12356  15.49271
O      1.08290   6.11540   9.48337
H      1.16635   5.20430   9.83850
H      1.01732   6.65572  10.32997
O      6.36169   3.76931  22.33891
H      7.22184   3.48479  21.90987
H      5.89452   2.97468  22.68673
O      9.16873   8.06837  27.25754
H      9.91578   8.78076  27.30109
H      9.56306   7.22571  27.42683
O      4.46642   0.98763  28.19124
H      5.26333   0.58620  27.83326
H      4.32347   1.60226  27.41931
O      2.55465   9.98981  27.78856
H      1.87536  10.43611  27.36352
H      3.24714  10.71655  28.00460
O      6.10192   8.64999  12.20177
H      6.85757   7.97617  12.14091
H      6.43705   9.48452  11.86270
O      3.28220   9.02480  10.87126
H      4.07517   8.58916  11.21618
H      2.57158   8.58648  11.37325
O      1.68665   0.43145  20.21644
H      2.41022  -0.20830  20.00325
H      1.90394   1.09812  19.51900
O     11.17132   6.69675  19.88956
H     10.31239   7.10982  19.70162
H     11.46311   6.01701  19.17493
O     10.81656  10.01170   7.95076
H     11.35081   9.77532   7.11950
H     10.31656  10.87938   7.72443
O      9.00292  10.21366  14.71513
H      9.16531  10.86616  15.51207
H      9.24384   9.33341  15.09131
O      1.49359  10.41410  22.77552
H      1.44670  10.96387  21.97255
H      2.41546  10.59460  23.00054
O      0.34395   4.60142  18.12785
H      0.74124   3.72136  18.42218
H      1.03515   4.88878  17.40769
O      0.52084   6.53758  14.03133
H      1.09254   6.26549  14.78512
H     -0.08366   7.16473  14.46389
O      1.23245   2.01030   8.29974
H      0.31910   2.18593   8.70102
H      1.41192   2.54814   7.51646
O      2.02317   5.31114  16.20009
H      2.47162   4.58399  15.77748
H      2.65076   6.07766  16.16257
O      4.26202   6.47485  13.24601
H      4.92863   7.09736  12.93358
H      4.82863   5.95669  13.87923
O      8.91799   1.52270  19.87084
H      9.60120   0.86184  20.15393
H      8.06417   1.11764  20.17880
O      9.29146   9.35821  10.87407
H      8.61793   9.85707  11.38900
H      8.84921   8.87651  10.17952
O      5.44656  11.10409   7.35595
H      4.52127  10.85478   7.57042
H      5.90094  10.26305   7.67122
O      3.80135   1.69639  12.88017
H      3.59511   1.25140  12.00638
H      4.23956   2.47206  12.46673
O      2.03803   7.48102  21.46162
H      1.18626   7.41073  20.95377
H      2.07846   8.41926  21.77769
O      5.45294   1.97693  16.14947
H      5.73831   1.29675  15.48586
H      6.20138   2.70498  15.94547
O      6.85152   9.27605  17.39932
H      6.06723   9.80894  17.70035
H      6.76760   9.57621  16.46111
O      4.21521   3.66323  19.87633
H      3.60432   3.32551  20.57599
H      4.56383   4.52541  20.09622
O      4.88769   0.35250  18.21827
H      5.18125   1.11396  17.60338
H      5.17137   0.68683  19.10653
O      5.25533   3.41436  11.38638
H      4.93700   3.18760  10.45668
H      5.10929   4.39509  11.43571
O      8.38179   4.01610  12.54620
H      8.37594   3.32304  11.81353
H      9.25588   3.97109  12.95104
O      6.51694   6.73507  15.69810
H      5.90077   6.82471  16.45386
H      6.60111   5.78372  15.56070
O      1.10731   1.98387  13.91433
H      1.76447   1.74854  13.23192
H      0.50089   2.77932  13.69197
O      2.74408   8.27113   7.97680
H      2.93068   8.18644   8.89798
H      2.28314   7.45649   7.68175
O      7.23714   8.13479  22.46849
H      6.92660   7.77907  23.30793
H      7.41304   7.35962  21.92449
O     11.44835   0.59947  24.78589
H     11.78740   0.08392  23.99037
H     11.66090   1.54417  24.57121
O      9.98180   8.58482  22.00598
H     10.47048   8.32843  22.75419
H      9.05945   8.46906  22.25632
O      2.51895   7.93105  15.95798
H      2.73901   8.49885  15.25071
H      1.59467   8.20326  16.19184
O      8.96778   0.88764   7.61527
H      8.77437   1.61120   6.93875
H      8.02551   0.72589   7.94721
O      5.95932   8.10180  25.49080
H      5.90227   7.12050  25.29161
H      6.82755   8.23558  25.90072
O     10.76045  -0.00089  13.17668
H     11.02537   0.79513  13.72834
H      9.91387  -0.31858  13.60285
O     10.66057   4.06191  13.86624
H     11.08650   5.01917  13.85120
H     10.34656   3.88826  14.81816
O      5.84729   5.49474  24.31585
H      6.09012   4.82856  23.60557
H      4.86422   5.73962  24.25559
O      9.19369   7.61747  15.50194
H      8.28494   7.19653  15.53936
H      9.68578   7.63451  16.31850
O      7.38666   4.11489   8.81599
H      8.26012   4.58094   9.00072
H      7.14479   4.14575   7.89043
O      0.67252   7.93465  24.55568
H      0.81216   8.59126  25.25533
H      1.45184   7.92374  23.94190
O      7.08783   0.27398  27.03370
H      7.03747  -0.59967  27.50550
H      7.40958   0.22557  26.14935
O      8.32709   2.04352  10.42037
H      7.98057   2.64579   9.72538
H      9.29065   2.11378  10.39025
O      9.87609   5.56655   8.40818
H     10.75966   5.77419   8.79792
H      9.92496   5.32768   7.45943
O      2.27411   2.83323  21.55781
H      1.53019   3.34448  22.05243
H      1.89135   2.03614  21.14427
O      9.59289   0.89374  28.57777
H      9.37443   1.70425  28.02357
H      8.71342   0.49257  28.63119
O      8.71537   4.11561  21.18386
H      9.01051   3.26775  20.77653
H      9.55173   4.41029  21.58754
O      8.87185   8.35483  18.98775
H      8.31989   8.52592  18.20546
H      9.02774   9.24446  19.38173
O      6.06721   1.27100  20.56423
H      5.54390   2.12412  20.43544
H      6.15329   1.03539  21.51049
O      0.98704   3.61447  24.44007
H      1.32965   3.32345  25.33319
H      0.30796   4.27661  24.71456
O      6.78473  10.93483  22.67384
H      7.52919  11.11344  23.28698
H      6.75850  10.00648  22.34989
O      4.62320   6.86333  17.50417
H      3.82749   7.39960  17.39026
H      4.71886   6.78936  18.50179
O      6.68423   9.14415  27.95474
H      7.48906   8.55598  28.02885
H      5.96194   8.47591  28.01797
O      2.90010   7.82618  26.41923
H      2.75604   8.52185  27.07928
H      3.84306   7.72133  26.25814
O     -0.27800  11.84853  10.60504
H     -0.90998  11.03223  10.52264
H     -0.14222  11.79368  11.59778
O      0.88758   7.75818  11.72496
H      0.07245   8.25802  11.73079
H      1.07931   7.32857  12.61273
O      5.11901   9.24854  14.50664
H      5.14507   8.31581  14.81107
H      5.43482   8.95844  13.60500
O      2.92180   2.64756  15.66630
H      2.27439   2.16430  15.06135
H      3.82585   2.24894  15.52590
O     10.98356  10.28848  26.85207
H     11.04165  10.85915  26.06990
H     10.64136  10.95830  27.54088
O      4.18278   5.55813  28.05636
H      4.13124   6.02229  28.92676
H      3.41036   5.87384  27.56243
O      2.66886   0.85732  10.49150
H      3.09127   0.99734   9.67905
H      1.74767   0.52020  10.30042
O      4.18743   2.77458  25.85491
H      4.19420   2.74949  24.89036
H      4.87909   3.38855  26.12361
O      7.85415   3.32986  24.84903
H      7.49552   3.44769  23.93949
H      7.24241   3.79539  25.45437
O      4.06299   9.89842  20.85466
H      4.65166  10.66601  20.95534
H      4.67749   9.11879  21.03671
O      1.11501   3.63918  10.88718
H      1.52761   2.79549  10.65045
H      1.08531   3.71392  11.85148
O      2.84099   5.87876  24.16697
H      2.57149   4.94851  24.02980
H      2.83399   5.88558  25.15625
O      4.26811  10.55296  24.53167
H      3.71566  10.05045  25.16325
H      4.98097   9.97478  24.12444
O      9.64163   1.11945  16.75191
H      9.24805   1.00416  17.61203
H     10.56681   0.83416  16.90557
O      8.28907   6.91002  12.31907
H      8.28644   5.93010  12.25021
H      9.21510   7.16306  12.18808
O      0.65255   2.97633  27.53590
H      1.26230   3.77049  27.75355
H      1.10745   2.17471  27.87229
O      9.73679   3.77153  16.28689
H      9.71458   2.76760  16.31063
H     10.21558   4.19890  17.08079
O      4.68104   2.60041   8.50017
H      4.35649   3.02019   7.70650
H      5.16962   1.86388   8.18209
O      7.17127   3.79104  15.26144
H      7.36040   3.77562  14.30745
H      8.07982   3.97713  15.65656
O      2.58748  11.10054   7.45203
H      1.96771  11.79565   7.76079
H      2.25778  10.20464   7.77501
O     10.29164  10.55424  20.03921
H     11.23960  10.40099  19.82642
H     10.21663  10.02483  20.86042
O      4.87983   6.33288  20.11510
H      4.30032   6.67519  20.79567
H      5.84317   6.39951  20.33047
O      2.62921  10.23191  18.05061
H      2.69922   9.36932  17.49287
H      3.55635  10.68213  18.15473
O      8.48192   0.76124  24.48076
H      8.28172   1.67306  24.72293
H      9.43707   0.61935  24.54135
O      7.45444   6.40508  20.24905
H      8.09531   5.67163  20.44034
H      7.86988   7.17367  19.80693
O      7.76895   5.60360  27.27378
H      8.34712   5.25184  27.95628
H      6.94817   5.12714  27.52126
O      5.40971   6.61484   9.63081
H      6.01552   5.94235   9.39681
H      4.60858   6.54181   9.02685
Pt    -0.02804   0.02317   4.99198
Pt     2.62733  -0.02307   5.09434
Pt     5.71907   0.09580   5.21337
Pt     8.52321  -0.02496   4.96915
Pt     0.03492   2.85946   5.09086
Pt     2.78779   2.79160   5.03664
Pt     5.56126   2.77977   5.14154
Pt     8.42196   2.90276   5.15021
Pt     0.00735   5.67069   5.04616
Pt     2.98021   5.60827   5.21452
Pt     5.48667   5.60060   5.24202
Pt     8.55042   5.61030   5.17307
Pt     0.00840   8.48367   4.98285
Pt     2.89372   8.45602   5.09993
Pt     5.67354   8.49442   5.08664
Pt     8.45359   8.41889   5.12251
Pt     1.40560   1.40560   3.05641
Pt     4.21710   1.40560   3.05642
Pt     7.02856   1.40560   3.05642
Pt     9.84007   1.40560   3.05641
Pt     1.40560   4.21710   3.05642
Pt     4.21710   4.21710   3.05642
Pt     7.02856   4.21710   3.05643
Pt     9.84007   4.21710   3.05641
Pt     1.40560   7.02856   3.05642
Pt     4.21710   7.02856   3.05643
Pt     7.02856   7.02856   3.05643
Pt     9.84007   7.02856   3.05642
Pt     1.40560   9.84007   3.05641
Pt     4.21710   9.84007   3.05641
Pt     7.02856   9.84007   3.05642
Pt     9.84007   9.84007   3.05640
Pt    -0.00014  -0.00014   1.02525
Pt     2.81138  -0.00014   1.02526
Pt     5.62286  -0.00014   1.02525
Pt     8.43433  -0.00014   1.02526
Pt    -0.00014   2.81138   1.02526
Pt     2.81138   2.81138   1.02527
Pt     5.62286   2.81138   1.02526
Pt     8.43433   2.81138   1.02527
Pt    -0.00014   5.62286   1.02525
Pt     2.81138   5.62286   1.02526
Pt     5.62286   5.62286   1.02526
Pt     8.43433   5.62286   1.02526
Pt    -0.00014   8.43433   1.02526
Pt     2.81138   8.43433   1.02527
Pt     5.62286   8.43433   1.02526
Pt     8.43433   8.43433   1.02527
Pt     1.40566   1.40566  34.91474
Pt     4.21716   1.40566  34.91474
Pt     7.02863   1.40566  34.91473
Pt     9.84013   1.40566  34.91475
Pt     1.40566   4.21716  34.91474
Pt     4.21716   4.21716  34.91474
Pt     7.02863   4.21716  34.91473
Pt     9.84013   4.21716  34.91475
Pt     1.40566   7.02863  34.91473
Pt     4.21716   7.02863  34.91473
Pt     7.02863   7.02863  34.91473
Pt     9.84013   7.02863  34.91474
Pt     1.40566   9.84013  34.91475
Pt     4.21716   9.84013  34.91475
Pt     7.02863   9.84013  34.91474
Pt     9.84013   9.84013  34.91475
Pt    -0.00009  -0.00009  32.88361
Pt     2.81145  -0.00009  32.88359
Pt     5.62291  -0.00009  32.88359
Pt     8.43438  -0.00009  32.88359
Pt    -0.00009   2.81145  32.88359
Pt     2.81145   2.81145  32.88358
Pt     5.62291   2.81145  32.88357
Pt     8.43438   2.81145  32.88358
Pt    -0.00009   5.62291  32.88359
Pt     2.81145   5.62291  32.88357
Pt     5.62291   5.62291  32.88357
Pt     8.43438   5.62291  32.88357
Pt    -0.00009   8.43438  32.88359
Pt     2.81145   8.43438  32.88358
Pt     5.62291   8.43438  32.88357
Pt     8.43438   8.43438  32.88358
Pt     1.40017   1.22211  30.76427
Pt     4.16652   1.29780  30.92123
Pt     6.89495   1.49199  30.86827
Pt     9.85811   1.31649  30.80294
Pt     1.35856   3.97687  30.82841
Pt     4.19234   4.14598  30.80648
Pt     6.96746   4.33480  30.82557
Pt     9.76763   4.21810  30.87393
Pt     1.45008   6.79411  30.82426
Pt     4.19616   7.02794  30.80918
Pt     6.98334   7.02275  30.87029
Pt     9.88707   6.93859  30.87984
Pt     1.41127   9.62485  30.82681
Pt     4.17909   9.74258  30.89643
Pt     7.05754   9.87333  30.94351
Pt     9.99237   9.69572  30.87683
