O      8.18336   7.44568   8.42622
H      8.56863   6.52347   8.30568
H      9.01854   8.03948   8.25644
O      5.99053   8.36555   7.38235
H      5.10389   7.94092   7.74199
H      6.78154   7.82165   7.74446
O      1.73563   2.50782  18.63490
H      1.86765   2.51709  17.65605
H      2.64587   2.69398  18.97789
O      7.25288  10.59960  11.52913
H      7.59020  11.48417  11.24355
H      7.46609  10.53182  12.49052
O      9.86915   3.64198  28.02452
H     10.82636   3.79275  27.88451
H      9.35987   4.06296  27.30175
O     10.43100   5.33091  24.64036
H      9.72308   5.65855  25.23387
H     11.09436   6.05237  24.61160
O      0.44197   8.55479  16.75793
H     -0.06847   8.97056  17.49168
H      0.59878   9.39436  16.23364
O      6.21767   0.66205  13.68579
H      5.50636   0.50966  13.02064
H      6.35589  -0.21963  14.04803
O     10.94398   3.91242  22.21867
H     10.64652   4.35330  23.10850
H     11.01124   4.70124  21.65160
O      6.14126   4.01451  27.66822
H      5.61664   4.70114  28.14316
H      6.67222   3.74783  28.47460
O      3.31618   9.54425  11.80993
H      2.50850   9.04563  11.64131
H      4.06797   9.11234  11.32757
O      4.40460   2.38199  23.77845
H      4.64351   1.48530  23.99299
H      3.53234   2.32620  23.20634
O      0.47988   6.20021  27.65061
H     -0.00157   6.38644  28.48353
H      1.40802   6.35271  27.94546
O      0.98131   0.09253  16.23136
H      1.60932  -0.27444  16.92218
H      1.51069   0.29935  15.41429
O      0.55999   6.17277   9.43201
H      1.36263   5.70230   9.76297
H      0.32325   6.76613  10.21450
O      6.88318   3.68827  23.78998
H      7.45973   3.67546  23.02789
H      5.92727   3.44141  23.56723
O     10.57249   8.29352  26.49846
H     10.73906   9.26916  26.83523
H     11.08280   7.60668  27.04846
O      4.17748   0.51101  27.85842
H      5.14544   0.30169  27.79219
H      4.05046   1.18376  27.10267
O      1.91195   9.99439  28.30295
H      1.09646  10.27297  27.74788
H      2.60124  10.70440  28.48231
O      5.67786   8.55332  10.94410
H      6.28274   7.81457  11.14964
H      6.26565   9.38017  11.03552
O      3.77744   7.37321   8.94005
H      4.49146   7.57768   9.56711
H      3.53773   6.38861   9.11297
O      1.37494   0.42169  20.54480
H      1.85947  -0.38661  20.26008
H      1.38615   1.04442  19.77935
O     11.20162   6.22169  20.43023
H     10.40525   6.75319  20.50793
H     11.27209   5.73468  19.51731
O     10.03904   9.22627   8.33146
H     10.98212   9.19523   8.47542
H      9.87418   9.76792   7.47346
O      8.58480  10.37792  14.17181
H      8.68121  10.97648  14.95235
H      8.97682   9.51031  14.55993
O      1.19920  10.38832  23.34965
H      1.30679  11.10256  22.67565
H      2.08490  10.42643  23.79862
O      0.46040   4.82229  18.43439
H      0.97904   4.06911  18.86443
H      0.92667   5.03275  17.53270
O      0.27788   6.37065  14.20835
H      0.91138   6.29508  14.96562
H     -0.52232   6.84392  14.60938
O      1.34916   1.74524   8.34704
H      0.59147   1.28756   8.66456
H      1.11620   2.48114   7.76296
O      1.98635   5.40787  16.34960
H      2.22387   4.40402  16.11161
H      2.81162   5.72778  16.86709
O      4.45705   5.18755  13.75848
H      4.90489   5.43625  14.62496
H      3.54942   5.01921  14.06810
O      8.76522   1.38335  19.31678
H      9.08290   0.53432  19.70921
H      7.86273   1.52278  19.68753
O      9.07022   8.09158  11.28581
H      8.65875   8.93598  11.53673
H      8.78598   7.87107  10.36850
O      5.82242  11.03490   7.51934
H      4.81297  11.12667   7.75659
H      5.93503   9.98339   7.42520
O      3.92061   2.16812  12.57108
H      3.95841   1.82231  11.60582
H      4.12317   3.11059  12.57648
O      2.49803   7.18435  21.63402
H      1.68500   7.08049  21.07956
H      2.27023   7.29231  22.56507
O      5.10684   2.37907  15.66931
H      5.31167   1.73631  14.89171
H      5.84029   3.06138  15.83029
O      6.89108   9.86891  17.50905
H      6.11646  10.37878  17.26768
H      7.18601   9.71402  16.57556
O      3.79515   3.19742  20.17827
H      3.18751   3.05703  20.98413
H      4.05117   4.18376  20.14361
O      5.25388   0.82199  17.90452
H      5.24024   1.53302  17.25722
H      5.60498   1.14168  18.76018
O      5.46363   4.72794  10.70675
H      6.16207   4.45090  10.00394
H      5.99419   5.33498  11.27261
O      8.42856   3.55687  13.03912
H      7.93645   2.72180  12.79291
H      9.26841   3.20439  13.38180
O      6.89414   6.94586  16.07167
H      6.06136   7.04548  16.52281
H      6.90178   5.93459  15.91294
O      1.42610   1.76581  13.43791
H      2.26995   2.01894  12.93492
H      0.80175   2.58463  13.47555
O      1.61812   8.74334   8.18353
H      2.46449   8.65908   8.61170
H      1.54703   7.83272   7.81050
O      7.33672   8.72650  22.42233
H      7.00153   8.63289  23.37088
H      7.07856   7.93972  21.92034
O      9.86995   0.34745  24.80218
H      9.82160  -0.38313  24.12490
H     10.56059   1.00764  24.55583
O      9.71948   9.78105  22.78833
H     10.38635   9.04855  22.88790
H      8.86994   9.28133  22.89095
O      3.52735   8.61419  15.39314
H      4.29400   8.76379  14.74690
H      3.03698   7.88857  15.01781
O      9.80294   1.17411   7.97608
H      9.98020   1.32294   7.01429
H      8.80421   1.14679   8.09038
O      6.04080   8.42137  24.47925
H      5.57650   7.51467  24.44779
H      6.43528   8.54506  25.36086
O     10.16687   0.85874  12.65181
H     11.06373   1.02395  13.00999
H      9.81530   0.07661  13.10572
O     10.86705   3.68080  14.04091
H     11.02564   4.63700  13.87897
H     10.62069   3.65502  14.98115
O      5.02037   5.90173  23.88115
H      5.85956   5.43069  23.75776
H      4.44598   5.33090  24.47536
O      9.51877   7.77616  15.29726
H      8.68412   7.31909  15.41923
H     10.14217   8.01785  16.05503
O      7.59302   3.63591   9.01867
H      8.45315   4.00320   8.62766
H      7.19502   3.22240   8.21849
O      1.21954   7.56501  24.43982
H      0.55953   7.99034  25.02650
H      1.66438   6.82676  24.91591
O      6.92059   0.26811  27.45422
H      7.02541  -0.67031  27.37687
H      6.90578   0.74976  26.57742
O      8.27135   1.62138  10.61656
H      7.95509   2.38676   9.99801
H      9.14960   1.92709  10.93533
O      9.66878   5.02972   8.34135
H     10.59126   5.37892   8.77198
H      9.74968   4.77608   7.37502
O      2.19106   2.27340  22.16050
H      1.39582   2.85986  22.18057
H      1.87430   1.51717  21.56284
O      9.26871   1.13353  28.08017
H      9.37216   2.06249  27.68727
H      8.33247   0.93036  27.87671
O      8.09306   4.02470  21.10545
H      7.79536   3.35225  20.49152
H      9.05533   3.89192  21.32366
O      8.70221   7.89279  18.70451
H      7.90730   8.49170  18.47488
H      9.42632   8.53850  18.88923
O      6.30246   1.85830  20.48739
H      5.47887   2.34735  20.41258
H      6.14522   1.13994  21.16367
O      0.12454   2.35647  25.44945
H      0.53465   1.84953  26.15106
H      0.09483   3.35368  25.58683
O      6.22091  11.18720  22.34812
H      6.58336  11.54275  23.16299
H      6.64602  10.29492  22.17972
O      4.30118   6.55285  17.36230
H      3.99253   7.47767  17.30835
H      4.48005   6.29890  18.32310
O      7.68581   8.90910  27.35247
H      8.61625   8.67297  27.07037
H      7.47994   8.13250  27.93725
O      3.50976   8.23270  27.04347
H      2.89980   8.82954  27.52377
H      3.52738   8.49107  26.07802
O      0.31632  10.87875  10.61506
H     -0.44749  10.74526  10.02620
H     -0.07156  11.32484  11.40766
O      0.90628   8.00421  11.74272
H      0.50918   8.88351  11.77176
H      0.63291   7.62936  12.57876
O      5.90415   8.63233  14.11860
H      6.25665   8.11553  14.88421
H      5.90079   8.00249  13.36098
O      2.45867   2.86381  15.86669
H      2.18640   2.44957  15.00230
H      3.47636   2.84333  15.77593
O     11.17394  10.92056  26.95123
H     10.72343  11.21067  26.15451
H     10.62130  11.26108  27.64322
O      3.05689   5.80536  27.86694
H      3.25766   5.62500  28.80870
H      3.52565   6.66305  27.57688
O      3.46344   0.74797  10.32130
H      3.37245  -0.06484  10.83787
H      2.57056   1.05086  10.27473
O      5.44644   1.56947  25.94708
H      5.42571   1.64221  24.97153
H      6.21886   2.05593  26.31642
O      8.21024   4.45721  25.99149
H      7.83624   3.99080  25.23510
H      7.40396   4.38900  26.60515
O      3.14690   9.76788  20.32699
H      3.31252   9.55063  19.40452
H      3.09784   8.86546  20.79979
O      3.23041   4.93637   9.44860
H      3.42491   4.25010   8.75397
H      4.01639   4.88377  10.01774
O      2.86707   5.02742  25.27424
H      2.41884   4.20840  25.09008
H      2.88485   5.06646  26.26649
O      3.80706  10.79255  24.08805
H      4.14485  10.47025  24.94472
H      4.29177  10.30988  23.36622
O      9.50962   0.97479  16.37562
H      9.07714   0.66901  17.23937
H     10.48656   0.63021  16.39761
O      7.32278   6.48529  12.06488
H      7.55886   5.59707  12.42028
H      8.17693   6.97962  11.79987
O      1.49686   2.49265  27.93034
H      2.40375   2.74446  27.50455
H      1.62167   2.69474  28.89609
O      9.83345   3.69775  16.68679
H      9.58131   2.78166  16.73505
H     10.25244   4.03581  17.48238
O      4.89977   2.94311   8.10686
H      4.56784   2.71542   7.24883
H      4.95484   2.13410   8.68393
O      7.43497   4.23856  15.44268
H      7.74833   4.01169  14.54048
H      8.32587   4.07139  15.98301
O      3.00796  11.05636   7.46244
H      2.50007  11.87262   7.79324
H      2.32450  10.36621   7.62297
O      9.89363   9.89282  19.93452
H     10.70753  10.23806  20.33691
H      9.50044   9.58090  20.78342
O      4.84434   6.00913  19.95336
H      4.24276   6.48204  20.58904
H      5.74566   6.30279  20.14980
O      3.23700  10.33733  17.67806
H      3.40846   9.88891  16.84369
H      3.96289  10.95835  17.90284
O      7.37370   1.21622  25.08661
H      7.23889   2.19316  24.84933
H      8.35688   1.08167  25.05014
O      7.14926   6.73131  20.74895
H      7.52505   5.85517  20.94170
H      7.84167   7.18986  20.18402
O      8.52181   5.89810  28.50904
H      8.38700   6.87505  28.27175
H      9.50499   5.76356  28.47256
O      3.54291   6.15719   7.61796
H      3.91869   5.28105   7.81071
H      4.23531   6.61574   7.05303
Pt     0.08536  -0.01946   5.08748
Pt     2.88741   0.07380   5.09128
Pt     5.71013   0.05010   5.14125
Pt     8.54510   0.20121   5.20570
Pt    -0.12890   2.82324   5.20426
Pt     2.68251   2.87011   5.13670
Pt     5.63730   2.96125   5.07268
Pt     8.43429   2.93614   5.03717
Pt    -0.22026   5.64012   5.10414
Pt     2.78000   5.63559   5.07773
Pt     5.54279   5.70851   5.19557
Pt     8.34269   5.73031   5.07118
Pt    -0.05855   8.41982   5.15770
Pt     2.80995   8.42057   5.16316
Pt     5.57148   8.43041   5.00454
Pt     8.32497   8.55634   5.08943
Pt     1.40560   1.40560   3.05641
Pt     4.21710   1.40560   3.05642
Pt     7.02856   1.40560   3.05642
Pt     9.84007   1.40560   3.05641
Pt     1.40560   4.21710   3.05642
Pt     4.21710   4.21710   3.05642
Pt     7.02856   4.21710   3.05643
Pt     9.84007   4.21710   3.05641
Pt     1.40560   7.02856   3.05642
Pt     4.21710   7.02856   3.05643
Pt     7.02856   7.02856   3.05643
Pt     9.84007   7.02856   3.05642
Pt     1.40560   9.84007   3.05641
Pt     4.21710   9.84007   3.05641
Pt     7.02856   9.84007   3.05642
Pt     9.84007   9.84007   3.05640
Pt    -0.00014  -0.00014   1.02525
Pt     2.81138  -0.00014   1.02526
Pt     5.62286  -0.00014   1.02525
Pt     8.43433  -0.00014   1.02526
Pt    -0.00014   2.81138   1.02526
Pt     2.81138   2.81138   1.02527
Pt     5.62286   2.81138   1.02526
Pt     8.43433   2.81138   1.02527
Pt    -0.00014   5.62286   1.02525
Pt     2.81138   5.62286   1.02526
Pt     5.62286   5.62286   1.02526
Pt     8.43433   5.62286   1.02526
Pt    -0.00014   8.43433   1.02526
Pt     2.81138   8.43433   1.02527
Pt     5.62286   8.43433   1.02526
Pt     8.43433   8.43433   1.02527
Pt     1.40566   1.40566  34.91474
Pt     4.21716   1.40566  34.91474
Pt     7.02863   1.40566  34.91473
Pt     9.84013   1.40566  34.91475
Pt     1.40566   4.21716  34.91474
Pt     4.21716   4.21716  34.91474
Pt     7.02863   4.21716  34.91473
Pt     9.84013   4.21716  34.91475
Pt     1.40566   7.02863  34.91473
Pt     4.21716   7.02863  34.91473
Pt     7.02863   7.02863  34.91473
Pt     9.84013   7.02863  34.91474
Pt     1.40566   9.84013  34.91475
Pt     4.21716   9.84013  34.91475
Pt     7.02863   9.84013  34.91474
Pt     9.84013   9.84013  34.91475
Pt    -0.00009  -0.00009  32.88361
Pt     2.81145  -0.00009  32.88359
Pt     5.62291  -0.00009  32.88359
Pt     8.43438  -0.00009  32.88359
Pt    -0.00009   2.81145  32.88359
Pt     2.81145   2.81145  32.88358
Pt     5.62291   2.81145  32.88357
Pt     8.43438   2.81145  32.88358
Pt    -0.00009   5.62291  32.88359
Pt     2.81145   5.62291  32.88357
Pt     5.62291   5.62291  32.88357
Pt     8.43438   5.62291  32.88357
Pt    -0.00009   8.43438  32.88359
Pt     2.81145   8.43438  32.88358
Pt     5.62291   8.43438  32.88357
Pt     8.43438   8.43438  32.88358
Pt     1.44093   1.46497  30.79478
Pt     4.34128   1.37919  30.78830
Pt     7.03672   1.17407  30.78659
Pt     9.96022   1.18291  30.74525
Pt     1.47501   4.18030  30.84524
Pt     4.36154   4.15908  30.76148
Pt     7.15496   3.92937  30.82113
Pt     9.95280   4.16908  30.75993
Pt     1.42011   6.94594  30.82085
Pt     4.24573   6.91017  30.76997
Pt     6.96078   6.80493  30.91288
Pt     9.81427   6.85870  30.70245
Pt     1.42974   9.81554  30.84724
Pt     4.26218   9.63598  30.89031
Pt     6.99387   9.63770  30.80327
Pt     9.69963   9.63654  30.78121
