O      8.82117   8.47157   7.45601
H      9.20731   7.59748   7.76109
H      9.54213   9.06926   7.64761
O      6.62612   9.81309   8.91492
H      6.33929   9.31929   9.68079
H      7.24534   9.17556   8.38690
O      2.05551   2.66497  18.61355
H      2.20617   2.87675  17.67195
H      2.91657   2.82620  19.09574
O      7.96786  10.97681  12.37867
H      7.68858  11.81065  11.85805
H      7.71652  11.26606  13.29273
O      9.38969   2.62114  27.77836
H     10.33129   3.06181  27.68736
H      8.67751   3.17093  27.29565
O      9.36011   5.91211  24.67337
H      8.68274   6.25015  25.27598
H     10.12400   6.49569  24.71100
O     -0.20711   8.76551  17.56632
H     -0.75571   9.01159  18.31212
H     -0.07363   9.62091  17.11607
O      5.84978   0.43566  14.28378
H      5.07360   0.48497  13.61594
H      5.72152  -0.39662  14.83450
O     11.51250   4.80521  21.93881
H     11.30548   5.00135  22.82971
H     11.49713   5.61573  21.38583
O      6.20948   3.75084  27.45329
H      5.41041   4.19012  27.80011
H      6.53461   3.07096  28.05991
O      2.16159   9.15917  14.27957
H      1.60576   9.92038  14.15369
H      3.04901   9.54943  14.41686
O      4.42842   1.98753  23.04869
H      4.14906   1.02896  23.16214
H      3.60110   2.44540  22.64467
O      0.85380   6.00225  27.21554
H      0.84329   6.12213  28.16336
H      1.63593   6.51779  26.82297
O      1.00129  -0.14946  16.69871
H      1.83915  -0.32930  17.18910
H      0.90554   0.38939  15.91150
O      0.94959   6.14759   9.38405
H      0.99200   5.27052   9.84001
H      0.66546   6.73490  10.15372
O      6.42095   3.95292  22.27367
H      7.06322   3.70376  21.56800
H      5.71164   3.25385  22.34807
O      8.92213   8.79829  27.29938
H      9.57503   8.41380  27.94318
H      9.15449   8.77291  26.36881
O      4.03252   0.96228  28.17736
H      4.86909   0.44890  28.22693
H      3.98563   1.42722  27.30487
O      2.79317   9.82717  27.22618
H      1.95905  10.29502  27.23142
H      3.50077  10.30898  27.73942
O      5.96474   9.05461  12.04958
H      6.47534   8.18960  12.19294
H      6.68681   9.77926  12.16667
O      3.49838   8.97393  11.03335
H      4.49775   9.10336  11.17927
H      3.15472   8.78778  11.93047
O      1.24943   0.45881  20.11218
H      1.76607  -0.21487  19.52425
H      1.46022   1.30385  19.59494
O     11.49015   6.45602  19.69434
H     10.76586   7.11173  19.64361
H     11.45295   5.85131  18.88906
O     10.80646  10.34948   8.16080
H     11.15993  10.27537   7.22505
H     10.04725  10.98159   8.04870
O      8.73658  10.57049  14.93071
H      8.97496  10.87469  15.83570
H      8.87427   9.62649  15.09755
O      2.08055  10.59464  23.08120
H      2.17930  10.97174  22.20104
H      3.04212  10.38684  23.36525
O      0.38722   4.61937  17.69761
H      0.92264   4.03768  18.26278
H      1.04593   5.07218  17.09077
O      0.16027   6.67297  13.87158
H      0.92117   6.65800  14.55700
H     -0.66573   6.87330  14.46136
O      0.92608   1.38494   7.99657
H     -0.03016   1.01799   8.06704
H      0.75365   1.99140   7.25437
O      1.98532   5.66487  15.62552
H      2.24740   4.69608  15.69145
H      2.80079   6.10335  15.87360
O      4.23407   6.53866  13.51984
H      3.73820   5.88589  12.98494
H      5.09676   6.07614  13.49406
O      8.82542   1.37542  19.52555
H      9.31761   0.90063  20.20651
H      7.89087   1.13143  19.68433
O      9.65480   9.59919  10.61367
H      9.11832   9.90276  11.40034
H      9.11024   9.47644   9.85812
O      5.44349  11.56971   7.27273
H      4.50217  11.46661   7.45897
H      5.68752  10.78439   7.86254
O      3.93147   1.11219  12.78439
H      3.58995   0.67927  11.91613
H      4.21952   1.89145  12.29285
O      2.66033   7.70262  21.10620
H      1.91950   7.38541  20.57568
H      2.95285   8.62828  20.94790
O      5.35637   2.26480  15.98960
H      5.56838   1.54293  15.30313
H      6.08058   2.95091  15.82552
O      6.83317   8.99399  17.77962
H      6.53173   9.81985  17.30317
H      5.93847   8.58155  17.97381
O      4.39660   2.99294  20.13479
H      3.52386   3.19237  20.66641
H      4.78027   3.91342  20.28951
O      5.81748   0.25863  17.56250
H      5.68923   1.23610  17.23786
H      6.11010   0.46990  18.46755
O      4.76108   3.75729  11.50685
H      4.60211   3.99615  10.56489
H      5.70117   3.60160  11.58277
O      8.12735   4.07791  12.38834
H      8.32199   3.23625  11.86865
H      8.95143   4.30837  12.80456
O      6.92625   6.87886  15.41632
H      6.33141   6.71455  16.20491
H      7.12779   5.86151  15.15027
O      1.51160   2.23281  13.87716
H      2.23809   2.11216  13.24417
H      0.93894   2.95633  13.52724
O      2.75610   8.49204   8.34291
H      2.86998   8.76649   9.29729
H      2.04315   7.79371   8.32739
O      7.13094   8.41272  22.41270
H      7.05576   8.09923  23.33771
H      7.14507   7.53376  21.89613
O     11.78358   0.87576  24.49406
H     12.33988   0.23487  23.88686
H     12.25389   1.69688  24.57675
O     10.34103   8.09308  22.12101
H     10.05649   8.27654  23.04690
H      9.55529   7.75442  21.60501
O      2.45428   8.19226  16.91410
H      2.17660   8.52251  16.01363
H      1.55800   8.01481  17.27245
O      8.57844   1.01844   8.21865
H      8.45965   1.72566   7.54721
H      7.79410   0.40922   8.22781
O      5.45065   7.92236  25.56213
H      5.91433   6.99727  25.46825
H      5.78149   8.31304  26.36462
O     11.35066  -0.27935  13.45556
H     11.67527   0.63079  13.63801
H     10.39783  -0.27155  13.78016
O     10.68460   4.17277  13.50188
H     11.02443   5.14601  13.60178
H     10.38946   3.89708  14.38147
O      5.31801   5.62924  24.37860
H      5.93292   5.33423  23.69237
H      4.49032   5.89352  23.97457
O      9.34680   7.68012  15.66193
H      8.46539   7.36218  15.92675
H      9.93387   7.68398  16.47437
O      7.54140   4.73357   8.68538
H      8.48449   5.03753   8.56454
H      7.08938   4.85206   7.81291
O      0.20755   8.29759  24.64973
H      0.49646   8.87442  25.34115
H      0.90939   8.27951  23.92169
O      6.81344   0.01457  27.24277
H      6.84354  -0.95984  27.41348
H      6.89905   0.26309  26.33781
O      8.06952   2.10335  10.63048
H      7.75055   2.79000   9.98280
H      9.04266   1.86112  10.45621
O      9.88311   5.94514   7.87463
H     10.61682   5.90141   8.53933
H     10.26057   5.71979   6.96615
O      2.21859   2.91107  21.74269
H      1.69527   3.73026  21.95340
H      1.64856   2.36742  21.21507
O      9.57691   0.18879  28.63808
H      9.64072   1.11043  28.22795
H      8.71118  -0.10382  28.42356
O      8.65333   3.96264  20.75050
H      8.84696   3.13325  20.21994
H      9.54276   4.14278  21.11909
O      9.17445   8.68935  19.34394
H      8.35257   8.96138  18.87207
H      9.41533   9.42902  19.98877
O      6.24294   0.79350  20.22184
H      5.70306   1.58890  20.38554
H      6.59998   0.52551  21.15119
O      1.92584   3.63319  24.72703
H      2.73275   3.74609  25.34832
H      1.15508   3.72699  25.35154
O      7.22549  11.21726  22.51622
H      8.02016  11.56221  23.05892
H      7.22218  10.22389  22.46808
O      4.67457   6.77577  17.61549
H      3.76379   6.90755  17.28570
H      4.56854   6.41016  18.53036
O      6.36610   8.78664  28.47758
H      7.02312   8.13936  28.11085
H      5.61563   8.28834  28.86083
O      2.92650   7.53517  26.23835
H      2.78843   8.42044  26.69371
H      3.83357   7.59918  25.80809
O     -0.59310  12.19600  10.66985
H     -0.87901  11.26371  10.37859
H     -0.48263  11.95254  11.64725
O      0.17768   7.75539  11.38199
H     -0.18076   8.60845  11.13487
H      0.05388   7.52194  12.31725
O      4.84270   9.24521  14.78444
H      4.94957   8.56680  15.48708
H      5.14691   8.71465  14.00358
O      2.58686   3.01006  16.05068
H      2.16844   2.63420  15.19009
H      3.57228   2.93435  16.01418
O     11.47556  10.18234  27.06365
H     11.42962  10.95657  26.43078
H     10.94138  10.50216  27.84006
O      4.45940   5.89192  27.79585
H      5.26402   6.17475  27.31386
H      3.75524   6.49019  27.44016
O      2.64560   0.74482  10.48536
H      3.01748   0.91710   9.62942
H      1.73772   1.12659  10.48362
O      4.39762   2.32873  25.78057
H      4.41418   2.28943  24.80572
H      4.97400   3.04597  26.02785
O      7.60403   3.27191  24.77000
H      7.19117   3.28896  23.83925
H      8.50709   3.59838  24.60613
O      4.19144  10.16885  21.41924
H      5.01642   9.80377  21.87335
H      4.49117  10.50522  20.53893
O      0.76261   3.64272  10.89020
H     -0.10795   3.32091  11.14258
H      1.08796   3.12211  10.12019
O      2.93267   6.15511  23.79415
H      2.44669   5.36442  24.09215
H      2.93597   6.58875  24.66652
O      4.18053  10.38520  24.69795
H      3.68710  10.39923  25.54020
H      4.24174   9.44289  24.46021
O      9.67768   0.90212  17.18313
H      9.30668   1.09804  18.08652
H     10.66027   0.79089  17.24735
O      7.83913   6.98261  12.01643
H      7.58051   6.05007  12.19479
H      7.53222   7.01640  11.07148
O      0.69883   3.51063  27.46844
H      0.96388   4.52405  27.41502
H      1.26097   3.27796  28.22992
O      9.57111   3.57841  16.19326
H      9.68646   2.59396  16.37062
H     10.09693   4.04883  16.88577
O      4.38682   2.55538   8.72375
H      3.69347   2.97376   8.16768
H      5.19581   2.75133   8.14308
O      7.29110   3.95967  14.88089
H      7.54443   3.72040  13.90793
H      8.12316   3.90493  15.35478
O      2.74947  10.75577   7.43294
H      2.03529  11.40391   7.74313
H      2.42042   9.78872   7.66934
O     10.30218  10.48569  20.88832
H     11.11183  11.05577  20.64726
H     10.58567   9.81773  21.53791
O      4.41929   5.91307  20.20381
H      3.95366   6.67985  20.62094
H      5.37178   6.00682  20.45632
O      3.22569  10.52902  18.27232
H      3.19464   9.52517  18.14591
H      4.14935  10.80840  18.11615
O      8.76059   0.73131  24.63305
H      8.45807   1.62023  24.74171
H      9.75450   0.75868  24.57417
O      7.62964   6.60315  20.61685
H      7.87769   5.68714  20.32442
H      8.18684   7.20812  20.08607
O      7.55629   6.17464  27.34979
H      7.93752   5.98125  28.17748
H      7.05834   5.30636  27.21140
O      6.28310   6.93748   9.80744
H      6.55447   6.05286   9.44407
H      5.66097   6.72835  10.53999
Pt    -0.06321  -0.06624   5.15056
Pt     2.71806  -0.04615   5.17786
Pt     5.68071  -0.06268   5.09016
Pt     8.40984  -0.02808   5.19683
Pt    -0.02936   2.85110   5.20019
Pt     2.77335   2.80500   5.13008
Pt     5.71352   2.91929   5.04789
Pt     8.54649   2.74734   5.03123
Pt     0.03300   5.66500   5.12160
Pt     2.79750   5.72949   5.15548
Pt     5.75873   5.62742   5.22905
Pt     8.33746   5.48024   5.07983
Pt     0.06831   8.43721   5.20472
Pt     2.98919   8.39676   5.19596
Pt     5.68105   8.40712   5.11156
Pt     8.39408   8.22641   5.12606
Pt     1.40560   1.40560   3.05641
Pt     4.21710   1.40560   3.05642
Pt     7.02856   1.40560   3.05642
Pt     9.84007   1.40560   3.05641
Pt     1.40560   4.21710   3.05642
Pt     4.21710   4.21710   3.05642
Pt     7.02856   4.21710   3.05643
Pt     9.84007   4.21710   3.05641
Pt     1.40560   7.02856   3.05642
Pt     4.21710   7.02856   3.05643
Pt     7.02856   7.02856   3.05643
Pt     9.84007   7.02856   3.05642
Pt     1.40560   9.84007   3.05641
Pt     4.21710   9.84007   3.05641
Pt     7.02856   9.84007   3.05642
Pt     9.84007   9.84007   3.05640
Pt    -0.00014  -0.00014   1.02525
Pt     2.81138  -0.00014   1.02526
Pt     5.62286  -0.00014   1.02525
Pt     8.43433  -0.00014   1.02526
Pt    -0.00014   2.81138   1.02526
Pt     2.81138   2.81138   1.02527
Pt     5.62286   2.81138   1.02526
Pt     8.43433   2.81138   1.02527
Pt    -0.00014   5.62286   1.02525
Pt     2.81138   5.62286   1.02526
Pt     5.62286   5.62286   1.02526
Pt     8.43433   5.62286   1.02526
Pt    -0.00014   8.43433   1.02526
Pt     2.81138   8.43433   1.02527
Pt     5.62286   8.43433   1.02526
Pt     8.43433   8.43433   1.02527
Pt     1.40566   1.40566  34.91474
Pt     4.21716   1.40566  34.91474
Pt     7.02863   1.40566  34.91473
Pt     9.84013   1.40566  34.91475
Pt     1.40566   4.21716  34.91474
Pt     4.21716   4.21716  34.91474
Pt     7.02863   4.21716  34.91473
Pt     9.84013   4.21716  34.91475
Pt     1.40566   7.02863  34.91473
Pt     4.21716   7.02863  34.91473
Pt     7.02863   7.02863  34.91473
Pt     9.84013   7.02863  34.91474
Pt     1.40566   9.84013  34.91475
Pt     4.21716   9.84013  34.91475
Pt     7.02863   9.84013  34.91474
Pt     9.84013   9.84013  34.91475
Pt    -0.00009  -0.00009  32.88361
Pt     2.81145  -0.00009  32.88359
Pt     5.62291  -0.00009  32.88359
Pt     8.43438  -0.00009  32.88359
Pt    -0.00009   2.81145  32.88359
Pt     2.81145   2.81145  32.88358
Pt     5.62291   2.81145  32.88357
Pt     8.43438   2.81145  32.88358
Pt    -0.00009   5.62291  32.88359
Pt     2.81145   5.62291  32.88357
Pt     5.62291   5.62291  32.88357
Pt     8.43438   5.62291  32.88357
Pt    -0.00009   8.43438  32.88359
Pt     2.81145   8.43438  32.88358
Pt     5.62291   8.43438  32.88357
Pt     8.43438   8.43438  32.88358
Pt     1.32590   1.32769  30.83162
Pt     4.13962   1.49576  30.75277
Pt     6.96685   1.49744  30.80892
Pt     9.78366   1.48882  30.79570
Pt     1.27921   4.05604  30.74188
Pt     4.12835   4.19015  30.79366
Pt     6.94005   4.28927  30.79904
Pt     9.72644   4.22072  30.75366
Pt     1.36925   6.76701  30.78788
Pt     4.12955   6.87988  30.86333
Pt     6.96077   7.09531  30.94675
Pt     9.69213   6.98340  30.72383
Pt     1.53754   9.72783  30.86070
Pt     4.26438   9.83349  30.91838
Pt     7.17335   9.98716  30.79462
Pt     9.86292   9.80919  30.82591
