 O      5.9905299999999997        8.3655500000000007        7.3823499999999997     
 H      5.1038899999999998        7.9409200000000002        7.7419900000000004     
 H      6.7815399999999997        7.8216500000000000        7.7444600000000001     
 O      5.8224200000000002        11.034900000000000        7.5193399999999997     
 H      4.8129700000000000        11.126670000000001        7.7565900000000001     
 H      5.9350300000000002        9.9833900000000000        7.4252000000000002     
 O      3.0079600000000002        11.056360000000000        7.4624400000000000     
 H      2.5000700000000000        11.872620000000000        7.7932399999999999     
 H      2.3245000000000000        10.366210000000001        7.6229699999999996     
 O      3.5429100000000000        6.1571899999999999        7.6179600000000001     
 H      3.9186899999999998        5.2810499999999996        7.8107100000000003     
 H      4.2353100000000001        6.6157399999999997        7.0530299999999997     
 Pt     8.5360000000000005E-002  -1.9460000000000002E-002   5.0874800000000002     
 Pt     2.8874100000000000        7.3800000000000004E-002   5.0912800000000002     
 Pt     5.7101300000000004        5.0099999999999999E-002   5.1412500000000003     
 Pt     8.5450999999999997       0.20121000000000000        5.2057000000000002     
 Pt   -0.12889999999999999        2.8232400000000002        5.2042599999999997     
 Pt     2.6825100000000002        2.8701099999999999        5.1367000000000003     
 Pt     5.6372999999999998        2.9612500000000002        5.0726800000000001     
 Pt     8.4342900000000007        2.9361400000000000        5.0371699999999997     
 Pt   -0.22026000000000001        5.6401199999999996        5.1041400000000001     
 Pt     2.7799999999999998        5.6355899999999997        5.0777299999999999     
 Pt     5.5427900000000001        5.7085100000000004        5.1955700000000000     
 Pt     8.3426899999999993        5.7303100000000002        5.0711800000000000     
 Pt    -5.8549999999999998E-002   8.4198199999999996        5.1577000000000002     
 Pt     2.8099500000000002        8.4205699999999997        5.1631600000000004     
 Pt     5.5714800000000002        8.4304100000000002        5.0045400000000004     
 Pt     8.3249700000000004        8.5563400000000005        5.0894300000000001     
 Pt     1.4056000000000000        1.4056000000000000        3.0564100000000001     
 Pt     4.2171000000000003        1.4056000000000000        3.0564200000000001     
 Pt     7.0285599999999997        1.4056000000000000        3.0564200000000001     
 Pt     9.8400700000000008        1.4056000000000000        3.0564100000000001     
 Pt     1.4056000000000000        4.2171000000000003        3.0564200000000001     
 Pt     4.2171000000000003        4.2171000000000003        3.0564200000000001     
 Pt     7.0285599999999997        4.2171000000000003        3.0564300000000002     
 Pt     9.8400700000000008        4.2171000000000003        3.0564100000000001     
 Pt     1.4056000000000000        7.0285599999999997        3.0564200000000001     
 Pt     4.2171000000000003        7.0285599999999997        3.0564300000000002     
 Pt     7.0285599999999997        7.0285599999999997        3.0564300000000002     
 Pt     9.8400700000000008        7.0285599999999997        3.0564200000000001     
 Pt     1.4056000000000000        9.8400700000000008        3.0564100000000001     
 Pt     4.2171000000000003        9.8400700000000008        3.0564100000000001     
 Pt     7.0285599999999997        9.8400700000000008        3.0564200000000001     
 Pt     9.8400700000000008        9.8400700000000008        3.0564000000000000     
 Pt    -1.3999999999999999E-004  -1.3999999999999999E-004   1.0252500000000000     
 Pt     2.8113800000000002       -1.3999999999999999E-004   1.0252600000000001     
 Pt     5.6228600000000002       -1.3999999999999999E-004   1.0252500000000000     
 Pt     8.4343299999999992       -1.3999999999999999E-004   1.0252600000000001     
 Pt    -1.3999999999999999E-004   2.8113800000000002        1.0252600000000001     
 Pt     2.8113800000000002        2.8113800000000002        1.0252699999999999     
 Pt     5.6228600000000002        2.8113800000000002        1.0252600000000001     
 Pt     8.4343299999999992        2.8113800000000002        1.0252699999999999     
 Pt    -1.3999999999999999E-004   5.6228600000000002        1.0252500000000000     
 Pt     2.8113800000000002        5.6228600000000002        1.0252600000000001     
 Pt     5.6228600000000002        5.6228600000000002        1.0252600000000001     
 Pt     8.4343299999999992        5.6228600000000002        1.0252600000000001     
 Pt    -1.3999999999999999E-004   8.4343299999999992        1.0252600000000001     
 Pt     2.8113800000000002        8.4343299999999992        1.0252699999999999     
 Pt     5.6228600000000002        8.4343299999999992        1.0252600000000001     
 Pt     8.4343299999999992        8.4343299999999992        1.0252699999999999     
