 O      5.5131500000000004        10.860099999999999        7.3919800000000002     
 H      4.5915299999999997        11.156490000000000        7.5627700000000004     
 H      5.5529400000000004        9.8807200000000002        7.6970099999999997     
 O      2.8503799999999999        11.572630000000000        7.5096400000000001     
 H      2.0760800000000001        12.244719999999999        7.7054600000000004     
 H      2.5208499999999998        10.699560000000000        7.8633100000000002     
 Pt     3.2439999999999997E-002   6.7680000000000004E-002   5.0841599999999998     
 Pt     2.9756200000000002        6.8629999999999997E-002   5.2344099999999996     
 Pt     5.6782399999999997        3.5740000000000001E-002   5.1538100000000000     
 Pt     8.4046000000000003       0.15134000000000000        5.1247900000000000     
 Pt   -0.10858000000000000        2.8527100000000001        4.9953099999999999     
 Pt     2.7623799999999998        2.8253900000000001        5.1584399999999997     
 Pt     5.5554699999999997        2.9344000000000001        5.1361699999999999     
 Pt     8.2870799999999996        2.9255499999999999        5.1566400000000003     
 Pt    -5.7999999999999996E-003   5.6135500000000000        5.1872400000000001     
 Pt     2.6042399999999999        5.5825500000000003        4.9461199999999996     
 Pt     5.7931699999999999        5.6415800000000003        4.9249599999999996     
 Pt     8.4411299999999994        5.7951600000000001        5.0986399999999996     
 Pt     3.0349999999999999E-002   8.4117300000000004        5.1367099999999999     
 Pt     2.7242199999999999        8.3468400000000003        5.0813499999999996     
 Pt     5.5639000000000003        8.4055900000000001        5.1123900000000004     
 Pt     8.5050799999999995        8.5452499999999993        5.1077700000000004     
 Pt     1.4056000000000000        1.4056000000000000        3.0564100000000001     
 Pt     4.2171000000000003        1.4056000000000000        3.0564200000000001     
 Pt     7.0285599999999997        1.4056000000000000        3.0564200000000001     
 Pt     9.8400700000000008        1.4056000000000000        3.0564100000000001     
 Pt     1.4056000000000000        4.2171000000000003        3.0564200000000001     
 Pt     4.2171000000000003        4.2171000000000003        3.0564200000000001     
 Pt     7.0285599999999997        4.2171000000000003        3.0564300000000002     
 Pt     9.8400700000000008        4.2171000000000003        3.0564100000000001     
 Pt     1.4056000000000000        7.0285599999999997        3.0564200000000001     
 Pt     4.2171000000000003        7.0285599999999997        3.0564300000000002     
 Pt     7.0285599999999997        7.0285599999999997        3.0564300000000002     
 Pt     9.8400700000000008        7.0285599999999997        3.0564200000000001     
 Pt     1.4056000000000000        9.8400700000000008        3.0564100000000001     
 Pt     4.2171000000000003        9.8400700000000008        3.0564100000000001     
 Pt     7.0285599999999997        9.8400700000000008        3.0564200000000001     
 Pt     9.8400700000000008        9.8400700000000008        3.0564000000000000     
 Pt    -1.3999999999999999E-004  -1.3999999999999999E-004   1.0252500000000000     
 Pt     2.8113800000000002       -1.3999999999999999E-004   1.0252600000000001     
 Pt     5.6228600000000002       -1.3999999999999999E-004   1.0252500000000000     
 Pt     8.4343299999999992       -1.3999999999999999E-004   1.0252600000000001     
 Pt    -1.3999999999999999E-004   2.8113800000000002        1.0252600000000001     
 Pt     2.8113800000000002        2.8113800000000002        1.0252699999999999     
 Pt     5.6228600000000002        2.8113800000000002        1.0252600000000001     
 Pt     8.4343299999999992        2.8113800000000002        1.0252699999999999     
 Pt    -1.3999999999999999E-004   5.6228600000000002        1.0252500000000000     
 Pt     2.8113800000000002        5.6228600000000002        1.0252600000000001     
 Pt     5.6228600000000002        5.6228600000000002        1.0252600000000001     
 Pt     8.4343299999999992        5.6228600000000002        1.0252600000000001     
 Pt    -1.3999999999999999E-004   8.4343299999999992        1.0252600000000001     
 Pt     2.8113800000000002        8.4343299999999992        1.0252699999999999     
 Pt     5.6228600000000002        8.4343299999999992        1.0252600000000001     
 Pt     8.4343299999999992        8.4343299999999992        1.0252699999999999     
