O      8.86097   8.32936   8.00948
H      9.14956   7.37319   8.08146
H      9.68745   8.94697   7.98427
O      6.70129   9.61010   8.48435
H      6.19385   8.94124   9.02378
H      7.61922   9.13149   8.21748
O      2.26593   2.41081  18.43515
H      2.49631   2.48087  17.45252
H      3.13254   2.63532  18.86347
O      7.78346  11.07963  12.16438
H      7.42101  11.93586  12.00173
H      7.74870  10.94494  13.15259
O      9.22146   2.87988  27.61613
H     10.10687   3.01848  27.13957
H      8.67511   3.11033  26.88731
O      9.92480   5.89003  24.57701
H     10.25091   5.33031  25.35415
H     10.52501   6.71652  24.63249
O     -0.01954   8.73861  17.29320
H     -0.23424   8.59830  18.21133
H      0.05870   9.68318  17.07416
O      6.05007   0.24409  14.27332
H      5.28802   0.41431  13.64155
H      5.79388  -0.67447  14.61851
O     11.35690   4.86511  21.87847
H     11.12154   5.30607  22.75570
H     11.59454   5.62962  21.30237
O      6.00755   3.55997  27.68710
H      5.31245   4.25052  27.64922
H      6.23155   3.59876  28.63341
O      2.08330   9.46241  14.04608
H      1.35680   9.97651  13.60555
H      2.94308   9.82551  13.73583
O      4.35730   1.79202  23.33949
H      4.19534   0.85103  23.14452
H      3.53621   2.23476  22.96622
O      0.58599   6.15963  27.13807
H      0.17272   6.53134  27.94999
H      1.40580   6.69243  27.05598
O      0.86355  -0.07402  16.58477
H      1.72542  -0.06307  17.23561
H      1.42962  -0.45631  15.86372
O      1.05748   6.24513   9.36687
H      1.14591   5.26339   9.44410
H      0.75246   6.65398  10.23710
O      6.21533   3.77151  22.35743
H      6.85340   3.76374  21.57182
H      5.35668   3.30589  22.25845
O      8.88473   8.41518  27.32423
H      9.71298   8.80664  27.11027
H      9.01710   7.44593  27.09721
O      4.10729   1.00056  27.98512
H      5.07319   1.05754  28.17961
H      4.07788   1.40666  27.03127
O      2.78585  10.03682  27.45648
H      2.02656  10.63324  27.63785
H      3.58789  10.64521  27.69324
O      5.99241   8.77481  12.02489
H      6.64833   8.01423  12.03911
H      6.55751   9.54080  11.89928
O      3.30121   8.99556  10.79939
H      4.08429   8.65794  11.24424
H      2.46442   8.63903  11.17541
O      1.55245   0.51534  19.99677
H      2.00446  -0.20376  19.55033
H      1.53396   1.19753  19.25790
O     11.22385   6.54788  19.82121
H     10.29952   6.87396  19.85000
H     11.23202   5.82158  19.09315
O     10.83067  10.05490   8.20863
H     11.28239  10.04150   7.28957
H     10.17831  10.84120   8.08132
O      8.86684  10.28886  14.94493
H      8.76630  10.49881  15.83654
H      9.21196   9.39375  14.85042
O      1.82378  10.50211  22.86981
H      2.44927  10.70705  22.10975
H      2.44399  10.16670  23.59928
O      0.48676   4.59247  17.96458
H      0.94859   3.84353  18.40283
H      1.08262   4.85546  17.22056
O      0.17318   6.62432  14.25444
H      0.96706   6.40023  14.79141
H     -0.59098   7.09339  14.63624
O      1.16905   1.67428   8.28174
H      0.76871   1.60883   9.13785
H      0.49687   1.87706   7.60095
O      2.02094   5.37887  15.82617
H      2.30671   4.46436  15.68077
H      2.84415   5.86633  16.04162
O      4.23272   6.65604  13.46748
H      4.07917   6.48373  12.49423
H      5.08921   6.29747  13.72967
O      8.71708   1.67426  19.93426
H      9.29668   1.00299  20.40874
H      7.78032   1.28721  19.88369
O      9.51965   9.56889  10.73343
H      8.87414   9.99572  11.32118
H      8.95019   9.36786   9.92163
O      5.35995  11.33539   7.38173
H      4.37552  11.10353   7.39571
H      5.96322  10.68080   7.84194
O      3.83945   1.44804  12.90715
H      3.52142   0.89179  12.13645
H      4.25588   2.25232  12.54348
O      2.34731   7.63103  21.36707
H      1.50344   7.58735  20.86483
H      2.62519   8.55248  21.24387
O      5.24798   2.25108  15.93005
H      5.42645   1.54275  15.27839
H      5.98110   2.93691  15.74909
O      6.90756   9.10685  17.64466
H      6.58419   9.92268  17.26813
H      6.55120   8.31784  17.26340
O      4.50839   3.16131  19.99453
H      3.71073   3.29056  20.61622
H      4.99738   4.02597  20.04560
O      5.19660   0.14829  17.98796
H      5.10414   1.03041  17.54992
H      5.71025   0.26942  18.82325
O      4.97267   3.60187  11.47777
H      4.82545   3.56747  10.51732
H      5.73405   4.23717  11.49844
O      8.39524   4.15660  12.33453
H      8.35551   3.39182  11.67913
H      9.23194   4.22447  12.79346
O      6.75112   6.49548  15.50751
H      5.98620   6.40938  16.08145
H      6.90878   5.56307  15.14322
O      1.16731   2.22548  13.82159
H      1.90684   2.04836  13.15814
H      0.57748   3.03019  13.70572
O      2.77811   8.17972   8.40295
H      3.10279   8.50561   9.26127
H      2.08237   7.56951   8.64608
O      7.38098   8.34103  22.16881
H      6.77675   8.08733  22.90268
H      7.39890   7.65345  21.44708
O     11.48343   0.73811  24.56104
H     12.17153   0.28793  23.94150
H     11.94265   1.61489  24.71500
O     10.13031   8.26536  22.19164
H     10.72657   8.34175  23.00392
H      9.19023   8.28201  22.53047
O      2.48574   8.32830  16.28618
H      2.52525   8.75033  15.39106
H      1.50374   8.31146  16.54892
O      8.68181   0.97302   7.77554
H      8.80714   1.58876   6.99487
H      7.76767   0.73687   7.75606
O      5.69252   7.82073  25.58689
H      5.99385   6.91579  25.17802
H      6.11430   7.79907  26.50319
O     10.90693  -0.05104  13.37156
H     11.39573   0.72045  13.78054
H      9.97801  -0.08818  13.76238
O     10.72418   4.17108  13.79129
H     11.01427   5.20355  13.87525
H     10.44756   4.06850  14.74055
O      5.74043   5.50675  24.44164
H      5.77925   5.06153  23.58917
H      4.83991   5.35465  24.66360
O      9.45462   7.64342  15.52085
H      8.57430   7.26653  15.55747
H      9.94844   7.87609  16.36820
O      7.46244   4.63630   8.88209
H      8.35629   4.96895   8.55707
H      7.10803   4.31026   8.01537
O      0.19246   8.03088  24.37252
H      0.28292   8.56312  25.23464
H      1.09694   7.81906  24.13799
O      7.06111   0.21401  27.23115
H      6.66705  -0.67897  27.18443
H      7.55491   0.14666  26.32256
O      8.08593   2.13031  10.44653
H      8.14646   2.45344   9.55114
H      9.01040   1.87065  10.67619
O      9.88407   5.79804   8.30766
H     10.78638   6.09297   8.71776
H     10.22337   5.62597   7.39877
O      2.33516   3.05829  21.81068
H      1.65295   3.79856  21.82985
H      1.85865   2.30054  21.34720
O      9.31944   0.30801  28.35733
H      9.34964   1.20265  27.86324
H      8.38270   0.12888  28.25610
O      8.62980   4.04579  20.85063
H      8.85612   3.07304  20.64625
H      9.28228   4.49629  21.39127
O      8.90265   8.43700  19.17876
H      8.37012   8.76773  18.41561
H      9.26514   9.24413  19.67787
O      6.19313   1.05313  20.36203
H      5.72035   1.90536  20.49245
H      6.58043   0.63835  21.17352
O      1.52603   3.66897  24.64018
H      1.68367   3.89449  25.53895
H      0.70398   4.06391  24.37535
O      7.00382  11.09966  22.65239
H      7.88812  11.23274  23.11577
H      7.07633  10.13531  22.44390
O      4.61691   6.72937  17.38587
H      3.73315   7.09542  17.17312
H      4.62277   6.59922  18.38011
O      6.53235   8.79003  28.39974
H      7.50284   8.73461  28.12501
H      6.54590   8.23700  29.22374
O      2.90370   7.61248  26.22714
H      2.68921   8.55356  26.49267
H      3.87225   7.71354  26.13190
O     -0.46694  12.02663  10.65152
H     -0.76010  11.19905  10.16521
H     -0.27645  11.73964  11.57995
O      0.52594   7.83868  11.43463
H     -0.15282   8.59303  11.27703
H      0.35794   7.64064  12.39558
O      4.92586   9.08946  14.76652
H      4.88723   8.30462  15.34353
H      5.25738   8.86433  13.84216
O      2.84368   2.93521  15.93127
H      2.30466   2.52180  15.18417
H      3.85858   2.66445  15.80556
O     11.29190  10.18011  27.03269
H     11.66963  10.67166  26.26256
H     10.66205  10.81945  27.54214
O      4.28471   5.72799  27.97670
H      4.93229   6.41648  28.18674
H      3.52101   6.27511  27.68318
O      2.65093   0.81659  10.45008
H      2.64327   1.74210   9.99680
H      1.69991   0.64876  10.62858
O      4.39275   2.46915  25.91275
H      4.30095   2.31347  24.93582
H      5.35899   2.67380  26.06992
O      7.58004   3.24709  24.49865
H      7.05967   3.09618  23.64166
H      7.31080   4.14560  24.77896
O      4.07277  10.01227  21.17808
H      4.87279   9.81846  21.68472
H      4.26822   9.69354  20.28237
O      0.88823   3.41377  10.82161
H      1.36736   3.88415  11.55338
H     -0.00901   3.42287  11.18639
O      2.85480   6.14803  23.80169
H      2.47158   5.27249  24.02968
H      2.96266   6.73299  24.56522
O      4.13596  10.51840  24.56980
H      4.08681  11.34772  25.06884
H      4.93083  10.12464  24.97217
O      9.70031   1.13450  16.80728
H      9.81598   1.19501  17.81565
H     10.56461   0.87491  16.42106
O      8.08174   6.77382  12.19426
H      8.13122   5.76832  12.10317
H      8.40394   7.17758  11.37033
O      0.74587   3.14291  27.19724
H      0.73614   4.11437  27.32844
H      0.93448   2.79075  28.11521
O      9.59387   3.70455  16.29285
H      9.53639   2.72549  16.53670
H     10.17707   4.05294  17.02549
O      4.56647   2.58908   8.57532
H      4.27596   3.05137   7.74415
H      4.67261   1.64087   8.29261
O      7.16994   4.06073  15.20077
H      7.19229   3.89516  14.20729
H      8.06195   3.93094  15.53496
O      2.85955  10.94425   7.48388
H      2.31416  11.75852   7.70743
H      2.49458  10.10828   7.95150
O     10.31678  10.40822  20.53380
H     11.26797  10.63424  20.31029
H     10.28032   9.73168  21.22694
O      4.74449   6.20512  20.44615
H      4.06452   6.68190  20.98044
H      5.61932   6.44952  20.74069
O      2.92037  10.23737  18.03609
H      2.82958   9.46929  17.30629
H      3.80677  10.55788  17.83016
O      8.83778   0.86079  24.45595
H      8.74051   1.80523  24.56747
H      9.79926   0.68320  24.45375
O      7.64963   6.45606  20.45285
H      8.02418   5.50865  20.36326
H      8.16484   7.09308  19.82781
O      7.55185   5.94276  27.21115
H      8.04571   5.93755  28.09290
H      6.94085   5.22021  27.38335
O      5.98774   6.69808   9.83874
H      6.55695   5.92163   9.50392
H      5.09867   6.49216   9.54540
Pt    -0.04252  -0.04361   5.03764
Pt     2.64186  -0.04330   5.11844
Pt     5.72483  -0.00810   5.14198
Pt     8.48014  -0.00995   5.10476
Pt     0.00974   2.86025   5.17227
Pt     2.75746   2.79168   5.07808
Pt     5.64101   2.85215   5.08921
Pt     8.51833   2.84165   5.07133
Pt     0.01999   5.68075   5.05689
Pt     2.95469   5.67862   5.24391
Pt     5.58844   5.61891   5.28862
Pt     8.42622   5.52447   5.14414
Pt     0.04399   8.48463   5.10097
Pt     2.95196   8.44609   5.14929
Pt     5.70499   8.46855   5.09093
Pt     8.37482   8.29298   5.11780
Pt     1.40560   1.40560   3.05641
Pt     4.21710   1.40560   3.05642
Pt     7.02856   1.40560   3.05642
Pt     9.84007   1.40560   3.05641
Pt     1.40560   4.21710   3.05642
Pt     4.21710   4.21710   3.05642
Pt     7.02856   4.21710   3.05643
Pt     9.84007   4.21710   3.05641
Pt     1.40560   7.02856   3.05642
Pt     4.21710   7.02856   3.05643
Pt     7.02856   7.02856   3.05643
Pt     9.84007   7.02856   3.05642
Pt     1.40560   9.84007   3.05641
Pt     4.21710   9.84007   3.05641
Pt     7.02856   9.84007   3.05642
Pt     9.84007   9.84007   3.05640
Pt    -0.00014  -0.00014   1.02525
Pt     2.81138  -0.00014   1.02526
Pt     5.62286  -0.00014   1.02525
Pt     8.43433  -0.00014   1.02526
Pt    -0.00014   2.81138   1.02526
Pt     2.81138   2.81138   1.02527
Pt     5.62286   2.81138   1.02526
Pt     8.43433   2.81138   1.02527
Pt    -0.00014   5.62286   1.02525
Pt     2.81138   5.62286   1.02526
Pt     5.62286   5.62286   1.02526
Pt     8.43433   5.62286   1.02526
Pt    -0.00014   8.43433   1.02526
Pt     2.81138   8.43433   1.02527
Pt     5.62286   8.43433   1.02526
Pt     8.43433   8.43433   1.02527
Pt     1.40566   1.40566  34.91474
Pt     4.21716   1.40566  34.91474
Pt     7.02863   1.40566  34.91473
Pt     9.84013   1.40566  34.91475
Pt     1.40566   4.21716  34.91474
Pt     4.21716   4.21716  34.91474
Pt     7.02863   4.21716  34.91473
Pt     9.84013   4.21716  34.91475
Pt     1.40566   7.02863  34.91473
Pt     4.21716   7.02863  34.91473
Pt     7.02863   7.02863  34.91473
Pt     9.84013   7.02863  34.91474
Pt     1.40566   9.84013  34.91475
Pt     4.21716   9.84013  34.91475
Pt     7.02863   9.84013  34.91474
Pt     9.84013   9.84013  34.91475
Pt    -0.00009  -0.00009  32.88361
Pt     2.81145  -0.00009  32.88359
Pt     5.62291  -0.00009  32.88359
Pt     8.43438  -0.00009  32.88359
Pt    -0.00009   2.81145  32.88359
Pt     2.81145   2.81145  32.88358
Pt     5.62291   2.81145  32.88357
Pt     8.43438   2.81145  32.88358
Pt    -0.00009   5.62291  32.88359
Pt     2.81145   5.62291  32.88357
Pt     5.62291   5.62291  32.88357
Pt     8.43438   5.62291  32.88357
Pt    -0.00009   8.43438  32.88359
Pt     2.81145   8.43438  32.88358
Pt     5.62291   8.43438  32.88357
Pt     8.43438   8.43438  32.88358
Pt     1.34781   1.28693  30.77331
Pt     4.15171   1.41972  30.85703
Pt     6.89580   1.51236  30.83245
Pt     9.83819   1.40717  30.78643
Pt     1.30542   3.98871  30.76762
Pt     4.17966   4.17310  30.78321
Pt     6.94615   4.33927  30.80124
Pt     9.71805   4.24755  30.83953
Pt     1.46600   6.72749  30.80724
Pt     4.14098   6.93054  30.81745
Pt     6.95980   7.04899  30.94942
Pt     9.77072   6.93000  30.79184
Pt     1.51588   9.67645  30.85672
Pt     4.19768   9.77961  30.93857
Pt     7.14202   9.94843  30.88997
Pt     9.94652   9.77015  30.85782
