O      8.98977   7.98327   8.22588
H      9.18683   7.07324   8.25322
H      9.79521   8.50871   8.09793
O      6.24757   8.59545   8.52816
H      5.62463   7.88525   8.74796
H      7.13727   8.29527   8.50175
O      1.87646   2.43582  18.40993
H      2.09619   2.40333  17.44397
H      2.55584   3.11280  18.68766
O      7.13346  11.16854  11.64304
H      7.69422  11.72127  11.07042
H      7.09241  11.75746  12.40286
O      9.53583   3.27911  27.30210
H     10.50108   3.07814  27.14727
H      9.09818   3.11442  26.42037
O     10.39083   5.30811  24.84477
H      9.40320   5.20631  24.90457
H     10.66726   6.06378  25.31235
O      0.20900   8.41477  16.77184
H      0.57070   8.36704  17.64987
H      0.20483   9.32293  16.48406
O      5.70942   0.69170  14.09501
H      4.90093   1.05601  13.61583
H      5.46926  -0.28933  14.16741
O     11.04577   4.74162  22.08964
H     10.50912   5.16395  22.80869
H     11.35548   5.49203  21.51710
O      6.00932   3.59326  27.75514
H      5.50091   4.40150  27.81955
H      5.71009   3.04206  28.52064
O      2.02730  10.58400  13.51245
H      1.17451  10.42066  13.08177
H      2.52687  10.06775  12.82050
O      4.33379   1.89998  22.98425
H      4.35302   0.98310  22.67703
H      3.54369   2.29546  22.65479
O      0.11865   6.14741  27.93113
H      0.77296   6.07886  28.71134
H      0.30939   7.06880  27.64289
O      0.73303  -0.13055  16.11483
H      1.65173  -0.34815  16.33386
H      0.75935   0.04373  15.15952
O      0.86603   5.98536   9.57019
H      1.16373   5.09966   9.86960
H      0.94125   6.55853  10.39129
O      6.59232   3.67201  22.91865
H      7.25988   3.44094  22.20893
H      5.85928   2.98693  22.77339
O      9.39683   8.12653  27.06050
H      9.82907   9.11069  27.09813
H      9.56589   7.60089  27.92261
O      4.63214   0.85427  28.11631
H      5.41225   0.52664  27.63797
H      4.26157   1.57335  27.53270
O      2.20424  10.08993  28.16571
H      1.32281  10.10725  27.70335
H      2.59607  10.92102  28.35302
O      6.26152   8.65631  12.13651
H      6.92397   7.92561  12.21215
H      6.74676   9.44506  11.76044
O      3.47820   8.76062  10.71290
H      4.43126   8.86947  10.91861
H      3.15414   7.99617  11.25391
O      1.83529   0.37945  20.13097
H      2.50413  -0.38365  20.06645
H      1.93258   1.04760  19.36466
O     11.19091   6.66552  19.91654
H     10.25625   6.97467  19.86204
H     11.21199   5.90338  19.26920
O     10.97973   9.96147   7.81145
H     11.22772   9.76621   6.87370
H     10.26957  10.71393   7.79749
O      8.69371  10.24876  14.84419
H      9.14573  10.73174  15.55870
H      8.83087   9.26060  14.92424
O      1.34040  10.35710  22.66820
H      1.46908  11.08135  22.04413
H      2.16712  10.14441  23.14695
O      0.25459   4.61556  18.32322
H      0.74621   3.80421  18.65683
H      0.85478   4.96590  17.59352
O      0.58933   6.42002  14.13542
H      1.16172   6.12114  14.88423
H     -0.18182   6.90434  14.55848
O      1.09928   2.33309   7.99552
H      0.29934   2.10092   8.45257
H      0.70384   2.25512   7.07431
O      1.92013   5.20888  16.18126
H      2.31885   4.34446  16.05333
H      2.59367   5.71997  16.60744
O      4.24649   5.90754  13.02906
H      4.65818   6.68770  13.46238
H      3.87880   5.37598  13.75313
O      8.87823   1.62190  19.58434
H      9.18725   0.75975  19.95813
H      7.90926   1.63082  19.59424
O      9.58878   9.10901  11.10580
H      8.92615   9.63129  11.59583
H      9.16690   8.91454  10.23797
O      5.57465  10.95489   7.60688
H      4.57450  10.95203   7.79207
H      5.97462  10.09158   7.91787
O      3.80576   1.80214  12.72016
H      3.59684   1.05699  12.10145
H      4.20684   2.47859  12.17523
O      2.01508   7.39464  21.64652
H      1.50524   6.86561  20.99364
H      1.53635   8.22755  21.76137
O      5.62756   1.83808  16.26509
H      5.66398   1.20651  15.47781
H      6.16762   2.63878  15.96245
O      6.83798   9.74122  17.14109
H      6.06697  10.36027  17.25850
H      7.58649  10.11112  16.65135
O      3.90149   3.76632  19.68119
H      3.45716   3.72477  20.55616
H      4.21499   4.67453  19.71547
O      4.78751   0.28775  18.33710
H      4.97763   0.97258  17.70498
H      5.24071   0.63953  19.12733
O      5.34207   3.61321  11.14072
H      6.12277   3.65481  10.57324
H      5.45887   4.29076  11.84046
O      8.09385   3.84361  12.80197
H      8.16492   3.08575  12.22163
H      9.02345   4.00425  13.09480
O      6.48075   6.66682  15.74201
H      5.92969   6.73382  16.54023
H      6.46738   5.73720  15.51043
O      1.14256   1.86679  13.88445
H      1.88521   1.71729  13.28381
H      0.72325   2.67070  13.53657
O      2.67031   8.54840   7.82458
H      3.53130   8.44395   8.34819
H      2.18904   7.75240   8.12018
O      7.06541   7.99213  22.74666
H      6.51539   7.83072  23.53898
H      7.06261   7.18169  22.25208
O     11.40716   0.54561  24.65919
H     11.93226   0.01235  24.02030
H     11.74482   1.45271  24.50858
O     10.04123   9.00075  21.93653
H     10.86552   9.17783  22.49007
H      9.30716   8.76163  22.48271
O      2.77376   7.99834  15.91493
H      3.10358   8.65117  15.20778
H      1.79057   8.14458  16.05950
O      9.25942   0.75372   7.87852
H      9.28867   1.09733   6.94438
H      8.35332   0.70031   8.16674
O      5.84792   8.15477  25.10324
H      5.88155   7.14742  25.05891
H      6.19936   8.41483  25.98696
O     10.54295   0.04463  12.79188
H     11.03613   0.75982  13.26234
H      9.79191  -0.30082  13.26808
O     10.85954   3.86958  13.72529
H     11.31206   4.76435  13.65418
H     10.58663   3.87626  14.70007
O      5.59740   5.84057  24.26494
H      5.99456   5.03656  23.75016
H      4.66979   5.44234  24.36459
O      9.09529   7.40631  15.41136
H      8.13168   7.35444  15.59303
H      9.56860   7.64435  16.26766
O      7.43455   3.79238   8.68726
H      8.30616   4.14561   8.32732
H      6.82925   3.61658   7.88660
O      0.95278   7.75056  24.71035
H      1.92498   7.84226  24.95518
H      1.07669   7.48263  23.77830
O      7.19260   0.38306  27.15896
H      7.53720  -0.38637  27.64456
H      7.61817   0.33344  26.31063
O      8.54986   2.08080  10.56181
H      8.10339   2.61718   9.86901
H      9.51811   1.98517  10.31615
O      9.84208   5.08213   8.31116
H     10.57277   5.53314   8.81697
H     10.17730   5.15352   7.35702
O      2.04711   2.65196  21.69654
H      1.30069   3.12560  21.99959
H      1.76471   1.82559  21.24616
O      9.56418   1.24278  28.65633
H      9.54011   2.17535  28.14674
H      8.64750   0.99504  28.41931
O      8.67763   3.74206  21.18554
H      8.78901   2.96046  20.55472
H      9.62470   4.08751  21.29910
O      8.90106   8.25636  18.67927
H      8.10705   8.76930  18.47774
H      9.58850   8.93244  18.87925
O      5.91443   1.49684  20.53278
H      5.05725   1.75405  20.88115
H      6.06772   0.76006  21.17273
O      1.03619   2.92612  24.54555
H      1.88969   3.07987  25.02156
H      0.25711   3.45085  24.94254
O      6.43985  10.72561  22.49442
H      7.19210  11.02964  23.05306
H      6.67120   9.74757  22.48794
O      4.47623   7.09584  17.48448
H      3.83625   7.61458  16.96135
H      4.48741   7.43865  18.37551
O      6.96728   8.94741  27.86406
H      7.81985   8.52292  27.60600
H      6.52620   8.53672  28.63082
O      3.25727   7.90333  26.53271
H      3.25794   8.62242  27.20131
H      4.18005   8.00680  26.10316
O     -0.08064  11.52784  10.12453
H     -0.13280  10.66488   9.75967
H     -0.35251  11.30915  11.06525
O      1.06684   7.86585  11.71144
H      0.15019   8.24675  11.57329
H      0.91712   7.38863  12.58578
O      5.09538   9.20255  14.60011
H      5.52980   8.80885  15.37776
H      5.57062   8.91080  13.76051
O      3.08053   2.84443  15.88558
H      2.54721   2.33229  15.26444
H      4.05961   2.46290  15.86912
O     10.84626  10.39535  27.02318
H     10.91368  10.74336  26.12396
H     10.65250  11.18352  27.53197
O      3.93195   5.60200  27.83448
H      3.74955   5.60571  28.78548
H      3.81070   6.55454  27.54570
O      2.54942   0.84200  10.63801
H      2.68120   0.32349   9.77437
H      1.57849   0.86137  10.65512
O      3.62963   2.97006  26.07594
H      4.09162   2.78666  25.22378
H      4.31649   3.47210  26.57967
O      7.96211   3.73139  25.01432
H      7.30754   3.82287  24.26225
H      7.72757   4.37047  25.75631
O      4.08965  10.02034  20.80220
H      4.63526   9.91865  19.97423
H      3.57359   9.22926  20.79980
O      1.64388   3.78386  10.94763
H      1.94185   3.11455  10.28609
H      2.51458   3.99471  11.39193
O      3.05351   5.41031  24.69992
H      2.49656   4.61391  24.56754
H      2.60098   5.96323  25.33415
O      4.14169  10.47929  24.48910
H      4.67321   9.64974  24.54723
H      4.72928  10.89431  23.87649
O      9.64419   0.88254  16.94920
H      9.14908   1.06153  17.79147
H     10.52679   0.50429  17.08892
O      8.32001   6.85008  12.29199
H      8.74981   6.05000  12.64101
H      9.06874   7.46120  12.08615
O      0.66152   3.00926  27.98779
H      0.73351   3.91787  28.25581
H      0.45241   2.61618  28.86738
O      9.89247   3.61411  16.31145
H     10.02852   2.66454  16.47557
H     10.33263   3.89961  17.17993
O      4.65580   2.49542   8.44651
H      4.02678   2.71736   7.71796
H      5.22022   1.77678   8.02510
O      7.16201   4.07896  15.27579
H      7.45531   3.89234  14.35975
H      7.95141   4.28017  15.82295
O      2.48157  11.10594   7.36724
H      1.99873  11.88356   7.71211
H      1.89784  10.33129   7.51536
O     10.42698  10.41189  19.73412
H     11.39478  10.68044  19.85790
H     10.09129  10.02253  20.58609
O      4.65808   6.49924  20.07358
H      4.30723   6.53106  21.00345
H      5.60449   6.23610  20.15365
O      2.63840  10.13379  17.78375
H      2.99371   9.44134  17.26498
H      3.46357  10.70714  17.90508
O      8.16037   0.57149  24.63545
H      8.36351   1.55249  24.54634
H      9.08994   0.23354  24.63416
O      7.43441   6.26697  20.51033
H      7.91279   5.38215  20.48686
H      7.98316   6.86117  19.99393
O      7.99966   5.64065  27.32143
H      8.99804   5.54174  27.49198
H      7.70435   4.88219  27.86557
O      4.79874   6.44335   9.29309
H      5.40130   5.61232   9.43763
H      4.03288   5.90537   9.19811
Pt    -0.01152   0.08433   5.03255
Pt     2.73156   0.01751   5.14528
Pt     5.71800   0.11795   5.20529
Pt     8.47057  -0.00935   4.96364
Pt     0.01243   2.83932   5.00762
Pt     2.81809   2.82248   5.05931
Pt     5.52062   2.79353   5.17700
Pt     8.32300   2.95449   5.20965
Pt     0.03783   5.65568   5.10047
Pt     2.77484   5.55724   5.09097
Pt     5.63388   5.58891   5.07608
Pt     8.59249   5.70997   5.16127
Pt     0.00424   8.43982   4.97100
Pt     2.80090   8.42956   5.06403
Pt     5.61402   8.46467   5.11686
Pt     8.55043   8.51173   5.11166
Pt     1.40560   1.40560   3.05641
Pt     4.21710   1.40560   3.05642
Pt     7.02856   1.40560   3.05642
Pt     9.84007   1.40560   3.05641
Pt     1.40560   4.21710   3.05642
Pt     4.21710   4.21710   3.05642
Pt     7.02856   4.21710   3.05643
Pt     9.84007   4.21710   3.05641
Pt     1.40560   7.02856   3.05642
Pt     4.21710   7.02856   3.05643
Pt     7.02856   7.02856   3.05643
Pt     9.84007   7.02856   3.05642
Pt     1.40560   9.84007   3.05641
Pt     4.21710   9.84007   3.05641
Pt     7.02856   9.84007   3.05642
Pt     9.84007   9.84007   3.05640
Pt    -0.00014  -0.00014   1.02525
Pt     2.81138  -0.00014   1.02526
Pt     5.62286  -0.00014   1.02525
Pt     8.43433  -0.00014   1.02526
Pt    -0.00014   2.81138   1.02526
Pt     2.81138   2.81138   1.02527
Pt     5.62286   2.81138   1.02526
Pt     8.43433   2.81138   1.02527
Pt    -0.00014   5.62286   1.02525
Pt     2.81138   5.62286   1.02526
Pt     5.62286   5.62286   1.02526
Pt     8.43433   5.62286   1.02526
Pt    -0.00014   8.43433   1.02526
Pt     2.81138   8.43433   1.02527
Pt     5.62286   8.43433   1.02526
Pt     8.43433   8.43433   1.02527
Pt     1.40566   1.40566  34.91474
Pt     4.21716   1.40566  34.91474
Pt     7.02863   1.40566  34.91473
Pt     9.84013   1.40566  34.91475
Pt     1.40566   4.21716  34.91474
Pt     4.21716   4.21716  34.91474
Pt     7.02863   4.21716  34.91473
Pt     9.84013   4.21716  34.91475
Pt     1.40566   7.02863  34.91473
Pt     4.21716   7.02863  34.91473
Pt     7.02863   7.02863  34.91473
Pt     9.84013   7.02863  34.91474
Pt     1.40566   9.84013  34.91475
Pt     4.21716   9.84013  34.91475
Pt     7.02863   9.84013  34.91474
Pt     9.84013   9.84013  34.91475
Pt    -0.00009  -0.00009  32.88361
Pt     2.81145  -0.00009  32.88359
Pt     5.62291  -0.00009  32.88359
Pt     8.43438  -0.00009  32.88359
Pt    -0.00009   2.81145  32.88359
Pt     2.81145   2.81145  32.88358
Pt     5.62291   2.81145  32.88357
Pt     8.43438   2.81145  32.88358
Pt    -0.00009   5.62291  32.88359
Pt     2.81145   5.62291  32.88357
Pt     5.62291   5.62291  32.88357
Pt     8.43438   5.62291  32.88357
Pt    -0.00009   8.43438  32.88359
Pt     2.81145   8.43438  32.88358
Pt     5.62291   8.43438  32.88357
Pt     8.43438   8.43438  32.88358
Pt     1.44781   1.15042  30.81817
Pt     4.18191   1.23143  30.87501
Pt     6.99205   1.42293  30.88786
Pt     9.84820   1.24310  30.84614
Pt     1.42833   4.04785  30.87039
Pt     4.18729   4.12830  30.86852
Pt     7.01600   4.27426  30.84495
Pt     9.85518   4.11668  30.87336
Pt     1.40184   6.90293  30.84162
Pt     4.25755   7.06310  30.86374
Pt     7.05254   7.04086  30.77088
Pt     9.95814   6.95834  30.95122
Pt     1.37194   9.59113  30.78628
Pt     4.19934   9.72525  30.80662
Pt     6.96722   9.79425  30.89793
Pt     9.93722   9.66566  30.84967
