O      8.78644   7.75829   8.38499
H      9.02909   6.77899   8.21859
H      9.61120   8.25959   8.02217
O      6.04613   8.40214   8.24337
H      5.64163   7.60002   7.84410
H      7.04620   8.22682   8.24464
O      1.67827   2.22149  18.31848
H      2.17997   2.26396  17.42485
H      2.39197   2.77998  18.84148
O      7.15861  10.93134  11.18468
H      7.61957  11.63437  10.70638
H      6.93031  11.25827  12.03982
O      9.96301   3.24818  27.56682
H     10.89778   3.44790  27.32367
H      9.35586   3.36255  26.79106
O     10.73083   5.25084  24.80027
H      9.76431   5.19938  24.91428
H     11.03358   6.12880  24.97198
O      0.21668   8.38088  16.57853
H      1.12252   8.29192  17.00161
H      0.25393   9.33443  16.30017
O      5.45235   0.49760  13.82294
H      4.69640   0.96728  13.39578
H      5.21863  -0.36508  14.24977
O     11.34165   4.48482  22.39374
H     11.05249   4.81345  23.27539
H     11.28487   5.20533  21.72928
O      5.98659   3.84101  27.71213
H      5.66333   4.64812  28.08940
H      6.32501   3.37122  28.52184
O      2.93972  10.19759  12.85249
H      2.11735   9.64797  12.84448
H      3.54970   9.76540  12.23030
O      4.43267   2.19609  22.90490
H      4.26818   1.23933  23.11317
H      3.60835   2.57643  22.40428
O      0.12313   6.01285  28.01801
H     -0.32845   6.19234  28.83390
H      0.99797   5.76076  28.33764
O      0.76271  -0.17692  16.09652
H      1.50381  -0.33966  16.80384
H      0.96002   0.49231  15.42008
O      0.61171   6.13554   9.57769
H      1.23994   5.42117   9.79916
H      0.75189   6.73051  10.35045
O      6.73379   3.51635  23.23908
H      7.39440   3.66552  22.55695
H      6.03129   2.96149  22.84247
O      9.86028   8.31222  26.71099
H     10.21107   9.01832  27.21396
H     10.50408   7.54188  26.85520
O      4.16347   0.70048  28.26010
H      4.98271   0.34450  27.91443
H      3.78615   1.41184  27.65589
O      1.75118   9.90702  28.60737
H      0.83807  10.29455  28.09713
H      2.31239  10.69893  28.53920
O      6.15343   8.47393  12.08410
H      6.91439   7.84179  12.03637
H      6.45567   9.23995  11.54583
O      3.93739   8.66367  10.18288
H      4.74612   8.13190  10.06736
H      3.34572   8.22400  10.85345
O      1.57510   0.26882  20.35722
H      2.48079  -0.16632  20.41898
H      1.66051   0.80233  19.53540
O     11.19986   6.44579  20.38612
H     10.28950   6.77039  20.40500
H     11.28834   5.79005  19.64817
O     10.74481   9.55370   7.91210
H     11.54852   9.57752   7.29110
H     10.34867  10.40027   7.63144
O      8.63883  10.37444  14.74886
H      9.28013  10.76430  15.47276
H      8.99636   9.43080  14.88643
O      1.59563   9.98940  22.95682
H      1.63585  10.76269  22.37981
H      2.51855   9.96862  23.29874
O      0.27796   4.78229  18.34734
H      0.67005   3.92710  18.57195
H      0.82846   5.09849  17.58347
O      0.20228   6.51251  14.11619
H      0.82172   6.71871  14.82773
H     -0.59997   6.91235  14.52386
O      0.79180   2.05865   8.10057
H     -0.05275   1.55588   7.94298
H      1.09663   2.45500   7.25115
O      2.03162   5.40960  16.17730
H      2.48333   4.58373  16.12121
H      2.59012   6.03472  16.66351
O      4.21930   5.15345  13.11309
H      4.81425   5.42499  13.84621
H      3.49418   5.81383  13.28827
O      8.52160   1.32670  19.17694
H      8.89273   0.48998  19.55141
H      7.58455   1.41484  19.49877
O      9.69271   8.61029  10.99491
H      9.12384   9.33659  11.32365
H      9.34722   8.27594  10.12589
O      5.51315  10.86010   7.39198
H      4.59153  11.15649   7.56277
H      5.55294   9.88072   7.69701
O      3.97848   2.18264  12.35706
H      3.55854   1.62557  11.61487
H      4.64540   2.73311  12.02870
O      2.34093   7.62786  21.79734
H      1.69658   7.50659  21.06743
H      1.90648   7.64608  22.66519
O      5.51120   2.23938  16.14714
H      5.53080   1.70267  15.30443
H      6.11239   2.96770  16.09131
O      7.14145  10.18925  17.45444
H      6.35527  10.83302  17.21669
H      7.60106  10.21345  16.56654
O      3.48690   3.74152  19.86336
H      2.86000   3.56323  20.64624
H      3.61374   4.68140  19.77761
O      5.01753   0.48807  18.10692
H      4.88762   1.32090  17.54801
H      5.38971   0.74403  19.00509
O      5.42930   4.29237  10.76474
H      5.91885   4.30856   9.94340
H      5.66726   5.08274  11.25707
O      8.16022   3.80465  12.96939
H      7.91880   3.10799  12.32866
H      9.17397   3.64959  13.09657
O      6.65397   6.94337  15.55233
H      6.07073   6.91575  16.40316
H      6.86004   5.97291  15.39806
O      1.12783   1.66093  13.93524
H      1.87063   1.67969  13.28380
H      0.59619   2.50556  13.76150
O      2.34429   8.80633   8.11413
H      3.21221   8.55242   8.36219
H      1.85481   8.05827   8.54024
O      7.55018   8.53582  22.25220
H      7.04462   8.41204  23.09509
H      7.48160   7.66667  21.68735
O     10.69856   0.03935  24.61706
H     10.93905  -0.55803  23.86065
H     11.09874   0.91540  24.46276
O     10.00020   9.54214  22.36036
H     10.60033   8.89995  21.90973
H      9.19477   9.04188  22.51703
O      3.06467   8.39026  15.51765
H      3.83663   8.66256  14.92423
H      2.26929   8.36191  14.99657
O      9.54865   0.93711   8.01547
H      8.90672   1.50660   7.57098
H      9.56559   1.37672   8.91919
O      5.84791   8.44785  25.32327
H      6.05024   7.52464  24.99464
H      6.56260   8.71270  25.94132
O     10.16839   0.29420  12.54718
H     11.03655   0.56761  12.88224
H      9.68136  -0.12965  13.34929
O     10.66008   3.85379  13.70555
H     10.95635   4.76334  13.98640
H     10.29714   3.58009  14.63450
O      5.41277   5.91966  24.13921
H      5.76101   5.04732  23.76589
H      4.52347   5.65746  24.45690
O      9.33348   7.56206  15.46251
H      8.48440   7.15784  15.79056
H      9.84500   7.74095  16.29800
O      7.40089   3.39996   8.80023
H      7.86509   4.07417   8.25306
H      6.58862   3.04323   8.29677
O      1.12771   7.31516  24.65501
H      1.26838   8.23365  24.82794
H      1.88000   6.70846  24.88172
O      7.06997  -0.00085  27.75972
H      6.97872  -0.78887  28.30965
H      7.49195  -0.25063  26.97268
O      8.60172   2.04127  10.77944
H      8.24584   2.74694  10.12162
H      9.41860   2.48070  11.11042
O      9.70642   5.00807   7.97773
H     10.36529   5.23845   8.66308
H     10.16742   5.09659   7.07831
O      2.06027   2.88865  21.83641
H      1.18505   3.38019  22.04441
H      1.70217   1.98612  21.46955
O      9.47020   1.23034  28.71132
H      9.65243   2.21563  28.29997
H      8.47737   1.07823  28.43695
O      8.68222   3.78307  21.22083
H      8.71272   2.88617  20.80006
H      9.58274   3.84631  21.63377
O      8.58515   8.09068  18.63247
H      7.94214   8.77649  18.30972
H      9.43565   8.58185  18.64670
O      6.27596   1.62454  20.50025
H      5.34556   1.80452  20.54020
H      6.39000   0.98278  21.22620
O      0.93453   2.77512  25.06309
H      1.49938   2.67030  25.84085
H      0.41633   3.66827  25.01366
O      6.10395  11.11413  22.47422
H      6.55092  11.33860  23.32909
H      6.56695  10.30329  22.11230
O      4.58560   6.89995  17.52281
H      4.20577   7.64253  17.04698
H      4.42646   7.01473  18.45545
O      7.12554   8.63448  27.47235
H      8.04836   8.16488  27.38437
H      6.51969   7.92061  27.71830
O      3.47029   8.09938  26.84505
H      3.19948   8.74685  27.51362
H      4.40305   8.31279  26.53953
O      0.09520  11.13040  10.07062
H     -0.04303  10.39529   9.49859
H     -0.48493  10.96099  10.90269
O      0.97583   7.79609  11.75949
H      0.18847   8.34380  11.52544
H      0.57587   7.31125  12.54849
O      5.21639   9.05430  14.37865
H      5.91414   8.72617  14.95609
H      5.43572   8.68614  13.45865
O      3.00611   2.77286  16.20285
H      2.62555   2.39638  15.36947
H      3.99362   2.61983  16.17753
O     11.03566  10.85148  27.43118
H     10.89033  10.70587  26.43215
H     10.37980  11.53548  27.83612
O      3.62654   5.53735  27.50136
H      3.67853   5.64068  28.48201
H      3.41083   6.47850  27.21250
O      2.69267   0.67549  10.41865
H      2.53014  -0.07777  10.97297
H      1.75896   0.86143  10.08548
O      3.49744   2.49322  26.72083
H      3.76456   2.04755  25.88974
H      4.27481   3.09406  26.92171
O      8.12642   4.05806  25.51919
H      7.46399   3.63578  24.94388
H      7.44434   4.59317  26.03134
O      3.73276   9.57113  20.57452
H      4.14576   9.19249  19.83166
H      3.37762   8.94362  21.18090
O      2.71745   4.17715  10.50726
H      2.61306   3.24213  10.20472
H      3.63141   4.21342  10.93298
O      2.55944   5.13217  25.08787
H      2.12897   4.41419  24.59696
H      2.65455   4.78913  25.99993
O      3.84582  10.39882  23.89371
H      3.56795  10.18143  24.79694
H      4.63689   9.87549  23.78533
O      9.64986   0.72056  16.59500
H      8.97139   0.92047  17.33294
H     10.53706   0.51595  16.97435
O      7.97605   6.57829  12.28851
H      8.01530   5.66912  12.72219
H      8.86126   6.93799  12.06433
O      1.47283   3.09780  28.00654
H      1.76841   3.80720  28.52845
H      1.10864   2.45504  28.59473
O      9.82677   3.16277  16.26965
H      9.79914   2.17971  16.41083
H     10.26927   3.66559  17.02736
O      4.83571   2.54987   8.29338
H      4.61272   2.41268   7.33325
H      4.59600   1.66060   8.70395
O      7.45141   4.01629  15.59473
H      7.48242   3.91373  14.61838
H      8.38223   3.76824  15.87668
O      2.85038  11.57263   7.50964
H      2.07608  12.24472   7.70546
H      2.52085  10.69956   7.86331
O     10.39705  10.34482  19.69031
H     11.27223  10.78098  19.96196
H     10.13913  10.07560  20.61022
O      4.15466   6.43084  20.49286
H      3.72206   6.85690  21.28574
H      5.02128   6.08094  20.78109
O      2.97331  10.25395  17.46461
H      3.10327   9.69928  16.60575
H      3.75336  10.81462  17.69468
O      8.01131   0.84518  24.59328
H      8.13451   1.77484  24.23530
H      8.88507   0.42533  24.39247
O      7.43599   6.35695  20.72881
H      7.93752   5.48992  20.83460
H      7.75941   6.70246  19.85486
O      8.12025   5.99091  27.83836
H      9.08710   5.87259  28.11442
H      7.62866   5.98775  28.70625
O      4.04250   5.72188   8.63547
H      3.50460   5.31201   9.38951
H      3.89296   5.25300   7.74446
Pt     0.03244   0.06768   5.08416
Pt     2.97562   0.06863   5.23441
Pt     5.67824   0.03574   5.15381
Pt     8.40460   0.15134   5.12479
Pt    -0.10858   2.85271   4.99531
Pt     2.76238   2.82539   5.15844
Pt     5.55547   2.93440   5.13617
Pt     8.28708   2.92555   5.15664
Pt    -0.00580   5.61355   5.18724
Pt     2.60424   5.58255   4.94612
Pt     5.79317   5.64158   4.92496
Pt     8.44113   5.79516   5.09864
Pt     0.03035   8.41173   5.13671
Pt     2.72422   8.34684   5.08135
Pt     5.56390   8.40559   5.11239
Pt     8.50508   8.54525   5.10777
Pt     1.40560   1.40560   3.05641
Pt     4.21710   1.40560   3.05642
Pt     7.02856   1.40560   3.05642
Pt     9.84007   1.40560   3.05641
Pt     1.40560   4.21710   3.05642
Pt     4.21710   4.21710   3.05642
Pt     7.02856   4.21710   3.05643
Pt     9.84007   4.21710   3.05641
Pt     1.40560   7.02856   3.05642
Pt     4.21710   7.02856   3.05643
Pt     7.02856   7.02856   3.05643
Pt     9.84007   7.02856   3.05642
Pt     1.40560   9.84007   3.05641
Pt     4.21710   9.84007   3.05641
Pt     7.02856   9.84007   3.05642
Pt     9.84007   9.84007   3.05640
Pt    -0.00014  -0.00014   1.02525
Pt     2.81138  -0.00014   1.02526
Pt     5.62286  -0.00014   1.02525
Pt     8.43433  -0.00014   1.02526
Pt    -0.00014   2.81138   1.02526
Pt     2.81138   2.81138   1.02527
Pt     5.62286   2.81138   1.02526
Pt     8.43433   2.81138   1.02527
Pt    -0.00014   5.62286   1.02525
Pt     2.81138   5.62286   1.02526
Pt     5.62286   5.62286   1.02526
Pt     8.43433   5.62286   1.02526
Pt    -0.00014   8.43433   1.02526
Pt     2.81138   8.43433   1.02527
Pt     5.62286   8.43433   1.02526
Pt     8.43433   8.43433   1.02527
Pt     1.40566   1.40566  34.91474
Pt     4.21716   1.40566  34.91474
Pt     7.02863   1.40566  34.91473
Pt     9.84013   1.40566  34.91475
Pt     1.40566   4.21716  34.91474
Pt     4.21716   4.21716  34.91474
Pt     7.02863   4.21716  34.91473
Pt     9.84013   4.21716  34.91475
Pt     1.40566   7.02863  34.91473
Pt     4.21716   7.02863  34.91473
Pt     7.02863   7.02863  34.91473
Pt     9.84013   7.02863  34.91474
Pt     1.40566   9.84013  34.91475
Pt     4.21716   9.84013  34.91475
Pt     7.02863   9.84013  34.91474
Pt     9.84013   9.84013  34.91475
Pt    -0.00009  -0.00009  32.88361
Pt     2.81145  -0.00009  32.88359
Pt     5.62291  -0.00009  32.88359
Pt     8.43438  -0.00009  32.88359
Pt    -0.00009   2.81145  32.88359
Pt     2.81145   2.81145  32.88358
Pt     5.62291   2.81145  32.88357
Pt     8.43438   2.81145  32.88358
Pt    -0.00009   5.62291  32.88359
Pt     2.81145   5.62291  32.88357
Pt     5.62291   5.62291  32.88357
Pt     8.43438   5.62291  32.88357
Pt    -0.00009   8.43438  32.88359
Pt     2.81145   8.43438  32.88358
Pt     5.62291   8.43438  32.88357
Pt     8.43438   8.43438  32.88358
Pt     1.38226   1.19077  30.87853
Pt     4.26346   1.25400  30.69299
Pt     7.10956   1.27763  30.85126
Pt     9.84162   1.18746  30.78553
Pt     1.47905   4.18417  30.91166
Pt     4.22835   4.16562  30.91681
Pt     7.10595   4.09301  30.83777
Pt     9.96131   4.05361  30.83889
Pt     1.44945   6.96417  30.86134
Pt     4.27477   6.91892  30.89717
Pt     7.13563   7.02437  30.77744
Pt     9.84708   6.93531  30.86956
Pt     1.40871   9.64517  30.68773
Pt     4.23396   9.73587  30.74536
Pt     6.95216   9.73726  30.74853
Pt     9.70082   9.70761  30.78241
