O      8.75402   8.30506   7.33329
H      9.32263   7.44766   7.54215
H      9.32421   9.07784   7.54385
O      6.78649   9.91205   9.03869
H      6.54783   9.92722  10.04189
H      6.89316   8.95112   8.90472
O      1.77580   2.74422  18.77544
H      2.14077   2.71766  17.86928
H      2.59549   3.06946  19.25294
O      8.05038  10.98006  12.45004
H      7.55845  11.74705  12.14281
H      8.22154  10.93279  13.41773
O      9.51450   2.67497  27.64832
H     10.26476   3.27091  27.62089
H      9.32594   2.36361  26.79049
O      8.95074   6.07372  24.92146
H      8.42748   6.69744  25.45453
H      9.67927   5.93936  25.58775
O     -0.20411   8.74205  17.82409
H     -0.91530   8.92240  18.43227
H      0.07901   9.62304  17.40978
O      5.88307   0.47601  14.35835
H      5.16469   0.45797  13.68695
H      5.65029  -0.31363  14.91410
O     11.29733   4.82371  21.98734
H     11.70192   5.32865  22.77622
H     11.13942   5.58581  21.41383
O      6.32683   3.75542  27.66318
H      5.56472   4.42392  27.67435
H      6.18474   3.42755  28.59417
O      2.08592   8.77661  14.71447
H      1.57564   9.47322  14.25270
H      3.04121   8.84741  14.51449
O      4.54533   2.03153  22.90474
H      4.65323   1.09456  22.68185
H      3.56272   2.05445  22.60171
O      0.79050   6.26393  27.61087
H      0.89538   6.70789  28.50287
H      1.45909   6.79495  27.06233
O      1.09113  -0.06388  16.81269
H      1.99653   0.15156  17.19647
H      1.47575  -0.43251  15.98968
O      0.75266   6.16332   9.28692
H      0.99337   5.30115   9.69528
H      0.52107   6.79913  10.02896
O      6.67102   3.99211  22.40509
H      7.45033   3.87152  21.82338
H      5.94904   3.49842  21.98698
O      8.93561   9.13383  27.32167
H      8.57207   9.15034  28.23373
H      9.77447   9.65727  27.55686
O      4.35566   0.84672  28.47782
H      5.31763   0.76986  28.02833
H      4.04970   1.53590  27.80012
O      2.85400   9.82458  27.33724
H      1.97738  10.19772  27.10964
H      3.26281  10.56858  27.83724
O      6.06565   9.27305  12.32244
H      6.45235   8.33028  12.40813
H      6.89120   9.85098  12.47880
O      3.50630   8.87620  11.03621
H      4.27312   8.69402  11.68747
H      2.71700   8.86771  11.63109
O      1.36589   0.51754  20.14077
H      2.14421   0.01320  19.79350
H      1.26883   1.24146  19.46659
O     11.87908   6.50688  19.81009
H     11.04237   6.95267  20.01230
H     11.66250   6.10196  18.92933
O     10.39297  10.39782   7.98481
H     10.69586  10.52983   7.05196
H      9.85128  11.22728   8.21086
O      8.99658  10.75999  14.87753
H      9.20269  11.53278  15.50794
H      8.64438   9.99813  15.45169
O      1.90555  10.46328  23.20954
H      2.11109  10.05937  22.34569
H      2.69777  10.23617  23.80436
O      0.35090   4.91502  17.54364
H      0.80143   4.27513  18.11169
H      0.87109   5.01401  16.70275
O     -0.02540   6.64360  13.64571
H      0.78625   6.50264  14.18185
H     -0.69852   7.14110  14.28248
O      0.99505   1.57725   7.93471
H      0.26990   1.03040   8.35257
H      0.65122   1.81418   6.95229
O      2.07453   5.61637  15.63109
H      2.55535   4.77915  15.87275
H      2.23123   6.43286  16.18759
O      4.28822   6.28020  13.41949
H      4.15306   5.36865  13.66120
H      4.83555   6.69937  14.12210
O      8.85236   1.20544  19.63509
H      9.29043   0.58538  20.25246
H      7.93209   0.95796  19.81633
O      9.40251   9.73709  10.60866
H      8.83029  10.13269  11.35922
H      8.75758   9.40605   9.92874
O      5.37341  11.53919   7.39353
H      4.47223  11.13901   7.49634
H      6.11543  11.06266   7.92455
O      3.64853   1.19837  12.51607
H      3.33273   0.83066  11.59967
H      4.13810   2.04119  12.45706
O      2.92156   7.65119  20.68412
H      2.07548   7.56226  20.19793
H      3.19539   8.56840  20.56259
O      5.37670   2.60293  15.90984
H      5.48333   2.01866  15.11785
H      5.98914   3.34702  15.63997
O      6.93804   8.89847  17.99327
H      6.48697   9.78403  17.73519
H      6.20383   8.18643  18.07648
O      4.18923   2.99535  20.09127
H      3.53970   2.81401  20.87700
H      4.25304   4.01767  19.99255
O      6.23993   0.33306  17.41932
H      5.97411   1.08279  16.81669
H      6.19352   0.59838  18.35885
O      4.59323   3.74212  11.59344
H      4.89370   3.40558  10.72826
H      4.84179   4.71138  11.44942
O      7.99308   4.24404  12.46393
H      7.82156   3.70409  11.65996
H      8.93656   4.07332  12.58560
O      6.60079   6.82505  15.42903
H      6.14947   6.81796  16.33048
H      6.80991   5.82757  15.17210
O      1.49675   2.03166  13.70788
H      2.17990   1.76863  13.04248
H      0.95132   2.76935  13.32819
O      2.60837   8.62978   8.51501
H      3.21560   8.80252   9.26120
H      2.33232   7.73016   8.67840
O      6.67652   8.40740  22.96362
H      5.77587   8.08500  23.04974
H      7.13126   7.77892  22.31585
O     11.68485   1.05941  24.85144
H     12.34482   0.79416  24.11386
H     11.92153   2.06118  24.85883
O     10.29830   7.74950  22.26737
H     10.66186   8.07089  23.10282
H      9.49329   7.38706  22.63807
O      2.43476   8.06449  17.35819
H      2.13718   8.59302  16.44719
H      1.60683   7.91754  17.86527
O      8.50609   0.83693   8.34002
H      8.29355   0.83499   7.36232
H      8.22787  -0.04861   8.64701
O      5.51092   8.11431  25.46934
H      5.42932   7.61825  24.60469
H      5.97635   7.44638  26.07848
O     11.67424  -0.30159  13.65443
H     11.97430   0.66652  13.78693
H     10.82537  -0.46453  14.09574
O     10.53748   3.85156  13.36688
H     10.82847   4.78076  13.44749
H     10.37870   3.57690  14.30330
O      5.51512   5.74793  24.12298
H      6.11626   5.40597  23.36604
H      4.63540   5.84246  23.77622
O      9.50866   7.78310  15.33996
H      8.60317   7.53947  15.57442
H      9.96809   7.68885  16.16820
O      7.45891   4.72769   8.33050
H      8.36391   5.09838   8.38143
H      7.39588   4.58636   7.37149
O      0.31781   8.49611  24.76479
H     -0.08742   8.51302  25.67869
H      0.64851   9.37256  24.63433
O      6.47042   0.03683  27.24129
H      6.45231  -0.93313  27.46968
H      7.15783   0.07593  26.50164
O      8.04405   2.12090  10.79295
H      7.99355   2.09156   9.81219
H      8.93962   1.71103  11.00807
O      9.91285   6.24262   7.98570
H     10.86006   6.13717   8.52611
H     10.12368   5.75617   7.12492
O      1.93430   2.61448  21.78964
H      1.33089   3.31343  22.09259
H      1.32248   1.84187  21.53873
O      9.87598   0.37083  28.62023
H      9.76628   1.42539  28.37155
H      8.93844   0.09125  28.44307
O      9.06451   3.75470  20.85040
H      8.96228   2.91415  20.30322
H      9.91942   3.78574  21.40407
O      8.91910   8.83418  19.44243
H      8.13390   9.09792  18.85650
H      9.12668   9.58357  20.04973
O      6.21772   0.86149  20.15796
H      5.50932   1.54262  20.28497
H      6.48928   0.59888  21.09192
O      2.21586   3.67935  25.19642
H      3.19121   3.35963  25.25905
H      1.98320   3.85594  26.11569
O      7.21653  11.18735  22.40452
H      7.65385  11.59053  23.26014
H      6.86146  10.38647  22.82442
O      5.06611   7.01713  17.62250
H      4.10452   7.17799  17.45964
H      5.01754   6.35620  18.39778
O      6.21168   8.70484  28.08306
H      6.78232   8.18896  28.70386
H      5.57021   9.05706  28.74236
O      2.95021   7.33814  26.39110
H      3.08699   8.27610  26.73786
H      3.28675   7.42789  25.47196
O     -0.64361  12.24399  10.95295
H     -0.92604  11.39640  10.57785
H     -0.28943  12.14192  11.88811
O      0.12334   7.69346  11.13808
H     -0.34383   8.49989  11.03531
H      0.07162   7.45529  12.11037
O      4.94610   9.20768  14.57275
H      5.30218   8.40422  14.98874
H      5.46070   9.36518  13.69605
O      2.82491   3.06558  16.17661
H      2.42572   2.58952  15.40312
H      3.82766   2.86501  16.04819
O     11.57638  10.57763  26.83208
H     11.27901  11.28790  26.25158
H     11.32048  10.96120  27.69527
O      4.75879   5.89431  28.00953
H      5.35356   6.65834  28.12590
H      4.02626   6.27605  27.43958
O      2.53273   0.61065  10.26156
H      2.23472   1.34198   9.64783
H      2.50338  -0.25252   9.82382
O      4.41876   2.43027  25.67604
H      4.69563   1.80673  24.95938
H      5.22411   2.80297  26.10336
O      8.12432   3.26641  25.02982
H      7.59670   3.51142  24.20287
H      8.09812   4.06123  25.58903
O      4.41952  10.36128  21.40778
H      4.93836   9.85392  22.01287
H      5.06502  10.47777  20.68001
O      0.65731   3.81355  10.68381
H      0.40811   2.94647  10.24244
H      1.41348   3.53824  11.22254
O      2.42817   6.01615  23.73126
H      2.13803   5.17622  24.20144
H      1.97115   6.76170  24.16244
O      4.26170  10.34635  24.78216
H      4.03587  10.60795  25.73873
H      4.95892   9.61327  24.88919
O      9.69932   0.79496  16.98572
H      9.55615   1.03958  17.96050
H     10.67732   0.52238  16.92875
O      7.69986   7.20989  11.91094
H      8.29758   6.69450  12.48585
H      7.22459   6.64609  11.28692
O      0.74753   3.52827  27.85236
H      0.84654   4.52446  27.79292
H      0.93570   3.13213  28.71484
O      9.70000   3.22259  15.87056
H      9.53111   2.32219  16.38749
H     10.04999   3.78494  16.58833
O      4.03378   2.82243   8.64821
H      3.51360   3.22216   7.95433
H      4.25858   1.96774   8.34070
O      7.11379   4.30371  15.03466
H      7.20004   4.18002  14.05484
H      7.91660   3.91701  15.41019
O      2.77725  11.20950   7.48309
H      2.02133  11.88232   7.62262
H      2.60752  10.28454   7.71029
O     10.09468  10.83122  21.18236
H     11.02518  11.18137  20.95557
H     10.23274  10.25006  21.95057
O      4.50276   5.61666  19.98953
H      3.91683   6.33214  20.37222
H      5.35608   5.62790  20.43071
O      3.49480  10.91157  18.48021
H      3.31595   9.95627  18.27284
H      4.37717  11.14398  18.22206
O      8.76345   0.71769  24.57539
H      8.67496   1.65551  24.72409
H      9.70331   0.60172  24.37068
O      7.60107   6.77520  20.57672
H      8.10478   5.95289  20.62489
H      8.19742   7.49452  20.28152
O      7.51143   6.30105  27.47790
H      8.50727   6.27813  27.72639
H      7.18105   5.39603  27.58218
O      6.38221   7.08894   9.44424
H      6.73326   6.37257   8.89347
H      5.45803   7.30075   9.15580
Pt    -0.08461  -0.04493   5.19650
Pt     2.81851  -0.03564   5.17573
Pt     5.61149  -0.06639   5.08079
Pt     8.37865  -0.06933   5.15508
Pt    -0.02353   2.82511   5.16271
Pt     2.81321   2.83922   5.15151
Pt     5.74598   2.90524   5.07018
Pt     8.48408   2.66095   5.07069
Pt     0.00651   5.64142   5.11158
Pt     2.69515   5.68476   5.02807
Pt     5.72916   5.64650   5.10493
Pt     8.42437   5.46046   5.02793
Pt     0.09871   8.40334   5.22267
Pt     2.94944   8.37375   5.19676
Pt     5.63576   8.34797   5.11637
Pt     8.45793   8.24867   5.14125
Pt     1.40560   1.40560   3.05641
Pt     4.21710   1.40560   3.05642
Pt     7.02856   1.40560   3.05642
Pt     9.84007   1.40560   3.05641
Pt     1.40560   4.21710   3.05642
Pt     4.21710   4.21710   3.05642
Pt     7.02856   4.21710   3.05643
Pt     9.84007   4.21710   3.05641
Pt     1.40560   7.02856   3.05642
Pt     4.21710   7.02856   3.05643
Pt     7.02856   7.02856   3.05643
Pt     9.84007   7.02856   3.05642
Pt     1.40560   9.84007   3.05641
Pt     4.21710   9.84007   3.05641
Pt     7.02856   9.84007   3.05642
Pt     9.84007   9.84007   3.05640
Pt    -0.00014  -0.00014   1.02525
Pt     2.81138  -0.00014   1.02526
Pt     5.62286  -0.00014   1.02525
Pt     8.43433  -0.00014   1.02526
Pt    -0.00014   2.81138   1.02526
Pt     2.81138   2.81138   1.02527
Pt     5.62286   2.81138   1.02526
Pt     8.43433   2.81138   1.02527
Pt    -0.00014   5.62286   1.02525
Pt     2.81138   5.62286   1.02526
Pt     5.62286   5.62286   1.02526
Pt     8.43433   5.62286   1.02526
Pt    -0.00014   8.43433   1.02526
Pt     2.81138   8.43433   1.02527
Pt     5.62286   8.43433   1.02526
Pt     8.43433   8.43433   1.02527
Pt     1.40566   1.40566  34.91474
Pt     4.21716   1.40566  34.91474
Pt     7.02863   1.40566  34.91473
Pt     9.84013   1.40566  34.91475
Pt     1.40566   4.21716  34.91474
Pt     4.21716   4.21716  34.91474
Pt     7.02863   4.21716  34.91473
Pt     9.84013   4.21716  34.91475
Pt     1.40566   7.02863  34.91473
Pt     4.21716   7.02863  34.91473
Pt     7.02863   7.02863  34.91473
Pt     9.84013   7.02863  34.91474
Pt     1.40566   9.84013  34.91475
Pt     4.21716   9.84013  34.91475
Pt     7.02863   9.84013  34.91474
Pt     9.84013   9.84013  34.91475
Pt    -0.00009  -0.00009  32.88361
Pt     2.81145  -0.00009  32.88359
Pt     5.62291  -0.00009  32.88359
Pt     8.43438  -0.00009  32.88359
Pt    -0.00009   2.81145  32.88359
Pt     2.81145   2.81145  32.88358
Pt     5.62291   2.81145  32.88357
Pt     8.43438   2.81145  32.88358
Pt    -0.00009   5.62291  32.88359
Pt     2.81145   5.62291  32.88357
Pt     5.62291   5.62291  32.88357
Pt     8.43438   5.62291  32.88357
Pt    -0.00009   8.43438  32.88359
Pt     2.81145   8.43438  32.88358
Pt     5.62291   8.43438  32.88357
Pt     8.43438   8.43438  32.88358
Pt     1.29874   1.35215  30.88483
Pt     4.12879   1.46857  30.68890
Pt     7.03733   1.45359  30.81798
Pt     9.72608   1.53952  30.85291
Pt     1.27728   4.16207  30.78883
Pt     4.07417   4.18719  30.83258
Pt     6.93325   4.22936  30.82838
Pt     9.71646   4.23064  30.70052
Pt     1.21198   6.91318  30.77341
Pt     4.16669   6.93263  30.88212
Pt     6.97433   7.10785  30.84192
Pt     9.68752   7.03351  30.75387
Pt     1.44788   9.78555  30.86604
Pt     4.32757   9.88935  30.87849
Pt     7.11763   9.98894  30.72725
Pt     9.80965   9.77356  30.86606
