O      8.46311   8.42145   7.35360
H      8.92218   7.58323   7.58424
H      9.20377   9.12053   7.59266
O      6.77873   9.75070   9.16030
H      6.35549   9.61598  10.00036
H      6.84474   8.81138   8.85969
O      1.50606   2.93034  18.45404
H      2.15705   2.70050  17.75016
H      2.03548   2.93053  19.30292
O      7.91692  11.22295  12.50119
H      7.94217  12.15465  12.16237
H      8.37597  11.19250  13.40396
O      9.54085   2.98336  27.22183
H     10.50578   3.08913  27.26301
H      9.22961   3.19047  26.28498
O      8.65576   6.28913  25.22426
H      8.13847   6.25226  26.09539
H      9.45211   6.79192  25.27108
O     -0.23172   8.76025  17.87648
H     -1.05146   8.83813  18.39392
H      0.08484   9.56861  17.52772
O      5.73218   0.59341  14.26557
H      5.28938   0.86251  13.42964
H      5.17222  -0.07420  14.60498
O     11.40680   4.58429  22.04754
H     11.72583   5.08698  22.88156
H     11.44904   5.27659  21.31231
O      6.25023   3.64418  27.80706
H      5.77524   4.11301  28.53427
H      6.63143   2.86371  28.27551
O      1.98440   8.55641  15.11729
H      1.46699   9.19745  14.63404
H      2.85464   8.91779  14.93069
O      4.56784   1.88542  22.92668
H      4.94784   0.98054  22.97027
H      3.59547   1.91420  22.97829
O      0.32855   6.32295  27.93990
H      0.19625   6.85625  28.72330
H      1.06818   6.69387  27.36952
O      1.22789   0.00730  16.96284
H      2.11486   0.01649  17.45339
H      1.33359   0.01556  15.99807
O      0.77424   6.24076   9.19296
H      0.99369   5.42409   9.70003
H      0.56259   6.95958   9.94246
O      7.15255   3.70156  22.61028
H      7.89898   3.61390  21.93525
H      6.39962   3.14412  22.27057
O      9.02892   9.24185  27.39193
H      9.37071   9.16277  28.33268
H      9.73295   9.18997  26.74665
O      4.49541   1.06876  28.45555
H      5.41295   0.83185  28.39404
H      4.27112   1.60565  27.67705
O      2.97172   9.92885  27.41079
H      1.98481  10.35922  27.22173
H      3.35567  10.50644  28.08644
O      6.08189   9.39846  11.97478
H      6.62288   8.59482  12.10933
H      6.79042  10.04354  12.09979
O      3.42274   8.74837  11.13480
H      4.31864   8.80262  11.50193
H      2.76660   8.45904  11.76802
O      1.34675   0.47546  20.16205
H      2.04004   0.02806  19.67728
H      1.04121   1.15525  19.53587
O     11.99426   6.52335  19.89050
H     11.23325   6.98184  20.28355
H     11.74695   6.10638  19.04329
O     10.33929  10.10939   8.12874
H     10.70769  10.32014   7.25360
H      9.78753  10.93125   8.26055
O      9.35530  10.57632  14.68862
H      9.41612  10.94260  15.68268
H      9.21453   9.55275  14.88818
O      1.84170  10.35974  23.66804
H      2.02705  10.58330  22.72528
H      2.72818  10.60932  24.06660
O     -0.05359   5.09835  17.62362
H      0.47608   4.26189  17.77331
H      0.42447   5.48897  16.85842
O      0.01172   6.34017  13.55684
H      0.81753   6.24770  14.12227
H     -0.61758   6.93902  14.05575
O      0.70764   1.88372   8.23391
H      0.03893   1.34072   7.81123
H      1.08046   2.44039   7.50591
O      2.11375   5.57608  15.75507
H      2.57161   4.69942  15.71079
H      2.86404   6.15342  15.91365
O      4.34510   5.83202  13.25679
H      3.85637   6.64084  13.59031
H      5.13374   5.88617  13.83696
O      8.77608   1.29365  19.65583
H      9.14070   0.62463  20.26303
H      7.81069   1.32811  19.68886
O      9.37335   9.78971  10.67184
H      9.05795  10.27199  11.49645
H      8.64485   9.80612  10.01612
O      5.39674  11.59461   7.51190
H      4.49203  11.81686   7.83507
H      5.69046  10.72188   8.07363
O      3.61436   1.66908  12.32835
H      3.44395   1.07575  11.53795
H      3.97938   2.53536  11.87411
O      3.31059   7.60069  20.41604
H      2.34019   7.56003  20.25706
H      3.50321   8.57294  20.51256
O      5.45094   2.60209  15.90458
H      5.58545   1.78772  15.30189
H      5.97751   3.35124  15.47197
O      6.91403   9.19674  17.91035
H      6.55588   9.93425  17.38791
H      6.19743   8.55855  18.14615
O      3.94896   2.92033  20.00491
H      3.66102   2.99043  20.91686
H      4.21468   3.85836  19.79502
O      6.23326   0.36599  17.37954
H      6.23408   1.33828  17.03290
H      6.31078   0.36953  18.39699
O      4.50932   3.91690  11.52710
H      3.79492   4.19858  10.90838
H      4.48451   4.46403  12.33643
O      7.98918   4.51400  12.53470
H      7.42964   3.96553  11.88930
H      8.88135   4.12963  12.58591
O      6.31119   7.03893  15.30562
H      6.00350   6.88288  16.27124
H      6.82827   6.24440  15.17473
O      1.52164   2.08534  14.04277
H      2.29110   2.13837  13.41115
H      0.76341   2.64353  13.73437
O      2.40676   8.81283   8.51882
H      2.59438   8.55411   9.43892
H      1.66705   8.23335   8.19955
O      6.27211   8.50001  22.74510
H      6.39749   8.24592  23.69176
H      6.60409   7.67267  22.29840
O     11.76903   1.44116  24.70394
H     11.83582   1.05877  23.75113
H     12.13236   2.35042  24.81677
O     10.18737   7.84270  22.52301
H     10.53049   8.08959  23.36993
H      9.39074   7.27044  22.55638
O      2.72019   8.22943  17.61202
H      2.22947   8.34852  16.77264
H      2.03710   7.78109  18.13750
O      8.00248   0.88926   8.11225
H      8.36786   1.60078   7.48358
H      7.10491   0.79067   7.69636
O      5.60418   8.04811  25.47863
H      5.76334   7.09713  25.57929
H      5.75468   8.24667  26.47439
O     11.98038  -0.74905  13.82894
H     12.37370   0.17632  13.80457
H     11.02843  -0.60173  14.13266
O     10.51330   3.56511  13.23539
H     10.72567   4.51386  13.43443
H     10.09616   3.27228  14.07735
O      5.61078   5.77599  23.70941
H      6.01839   5.05790  23.12733
H      4.64267   5.81429  23.47643
O      9.39230   7.99241  15.17981
H      8.41885   7.84212  15.39776
H      9.93558   8.00332  16.00903
O      7.50568   4.80511   7.98913
H      8.46737   5.18734   8.03870
H      7.38121   4.59386   7.04400
O      0.57074   8.39004  24.63486
H      0.33205   9.09964  25.22253
H      1.15288   8.93327  24.07493
O      6.66546   0.15505  27.07067
H      7.20768  -0.66226  26.89982
H      6.11573   0.22819  26.30766
O      7.99721   2.11235  10.89105
H      7.79107   1.55249  10.10915
H      8.95831   2.30192  10.68394
O      9.81104   6.00555   8.03660
H     10.69112   6.07607   8.57486
H     10.09531   5.69963   7.11058
O      1.91580   2.32629  22.35797
H      1.31649   3.14928  22.44347
H      1.70116   1.75530  21.56389
O      9.80151   1.01972  28.79986
H      9.58745   1.68698  28.07923
H      9.25741   0.17011  28.59953
O      9.04612   3.83864  20.98776
H      9.05401   3.05806  20.37357
H     10.01433   3.89007  21.40837
O      8.83665   8.77489  19.56997
H      8.08278   8.88846  18.92164
H      9.04545   9.57431  20.06102
O      6.13282   1.19410  20.22506
H      5.38179   1.84244  20.23265
H      6.33474   0.82105  21.13086
O      2.17766   3.64960  25.72818
H      3.10129   3.31558  25.62629
H      2.02594   3.48214  26.68557
O      7.15455  11.05084  22.53878
H      7.80230  11.41662  23.25340
H      6.84661  10.12496  22.58224
O      5.03933   7.15687  17.84907
H      4.13708   7.46380  17.73936
H      5.12925   6.48108  18.58569
O      5.57993   8.71121  28.00616
H      6.28113   8.60692  28.67500
H      4.73156   8.67058  28.52453
O      2.98112   7.16609  26.75300
H      2.94343   8.06375  27.20127
H      3.57665   7.29089  25.98974
O     -0.56163  12.12835  11.13528
H     -0.70861  11.30840  10.59902
H      0.31880  11.86569  11.39578
O      0.12113   8.05517  11.11447
H     -0.54710   8.73069  10.89412
H     -0.02864   7.51873  11.90361
O      4.83771   9.02059  14.71436
H      5.38686   8.19121  14.86168
H      5.26945   9.25599  13.87279
O      2.83167   3.08450  16.23379
H      2.29301   2.58660  15.56079
H      3.77366   2.80301  16.20580
O     11.81193  10.84955  26.80734
H     11.90044  11.53746  26.06610
H     11.39990  11.34642  27.52335
O      4.70676   5.90310  28.36998
H      5.53462   6.34595  28.01884
H      3.97085   6.24879  27.77209
O      2.33815   0.40961  10.26467
H      2.76690   0.99300   9.62124
H      2.53559  -0.48506   9.92938
O      4.91364   2.42863  25.96829
H      5.15782   2.09584  25.03379
H      5.64266   3.03567  26.33852
O      8.41677   3.60837  25.04106
H      8.05387   3.36942  24.21226
H      8.45000   4.58899  24.91966
O      4.15259  10.17791  21.37434
H      4.67982   9.46154  21.86812
H      4.76508  10.67215  20.82265
O      0.85548   3.81190  10.38039
H      0.62972   2.93346  10.03912
H      0.48212   3.87408  11.26427
O      1.61045   5.76789  23.77549
H      1.71660   5.13937  24.55264
H      1.37107   6.58695  24.28391
O      4.13766  10.60488  24.72100
H      3.93264  10.11421  25.53336
H      4.78369   9.95786  24.30757
O      9.89788   0.96769  17.06995
H      9.69086   0.92257  18.03917
H     10.89956   0.76165  17.00831
O      7.60099   7.22554  11.71312
H      7.78147   6.26124  11.65743
H      7.54688   7.39867  10.73091
O      0.82254   3.80879  27.85059
H      0.67297   4.77228  28.11246
H      1.04176   3.37145  28.71518
O      9.75389   3.41152  15.85641
H      9.82632   2.50003  16.28966
H     10.14266   4.05894  16.45203
O      3.79004   3.00711   8.38809
H      3.46817   3.72878   7.79587
H      4.65839   3.38484   8.76467
O      7.36999   4.48886  15.00807
H      7.64065   4.44070  14.00097
H      8.19269   4.19400  15.42002
O      2.72298  10.98532   7.28773
H      1.90259  11.40164   7.73063
H      2.67854   9.98165   7.54447
O     10.20771  10.78596  21.71677
H     10.98978  10.93627  21.16538
H     10.12302   9.79856  21.88713
O      5.02556   5.66009  19.95355
H      4.31210   6.25549  20.28025
H      5.85278   5.98376  20.38667
O      3.68198  10.82966  18.33411
H      3.94031   9.94990  18.16887
H      4.47074  11.28112  17.99972
O      8.74653   0.67510  24.51766
H      8.22862   1.04789  25.28549
H      9.69355   1.03015  24.58687
O      7.41043   6.55900  20.78109
H      7.94507   5.73685  20.92786
H      8.08150   7.17310  20.40829
O      7.59055   6.34132  27.75944
H      8.20717   7.02243  28.03528
H      7.97444   5.48239  28.13916
O      6.38052   7.10816   8.89192
H      6.88935   6.38783   8.44381
H      5.65904   6.58248   9.21051
Pt    -0.07699  -0.01517   5.12971
Pt     2.89945  -0.01954   5.10478
Pt     5.58133  -0.03428   5.14254
Pt     8.37586  -0.12775   5.06282
Pt     0.01220   2.77715   5.08913
Pt     2.84675   2.87272   5.10353
Pt     5.70107   2.81810   5.12010
Pt     8.40837   2.60647   5.14910
Pt    -0.04462   5.56933   5.05367
Pt     2.72451   5.57314   4.98588
Pt     5.60747   5.63204   4.98345
Pt     8.59553   5.48864   5.05263
Pt     0.13190   8.40089   5.13115
Pt     2.84067   8.37002   5.16463
Pt     5.61563   8.31560   5.10025
Pt     8.51763   8.31524   5.17588
Pt     1.40560   1.40560   3.05641
Pt     4.21710   1.40560   3.05642
Pt     7.02856   1.40560   3.05642
Pt     9.84007   1.40560   3.05641
Pt     1.40560   4.21710   3.05642
Pt     4.21710   4.21710   3.05642
Pt     7.02856   4.21710   3.05643
Pt     9.84007   4.21710   3.05641
Pt     1.40560   7.02856   3.05642
Pt     4.21710   7.02856   3.05643
Pt     7.02856   7.02856   3.05643
Pt     9.84007   7.02856   3.05642
Pt     1.40560   9.84007   3.05641
Pt     4.21710   9.84007   3.05641
Pt     7.02856   9.84007   3.05642
Pt     9.84007   9.84007   3.05640
Pt    -0.00014  -0.00014   1.02525
Pt     2.81138  -0.00014   1.02526
Pt     5.62286  -0.00014   1.02525
Pt     8.43433  -0.00014   1.02526
Pt    -0.00014   2.81138   1.02526
Pt     2.81138   2.81138   1.02527
Pt     5.62286   2.81138   1.02526
Pt     8.43433   2.81138   1.02527
Pt    -0.00014   5.62286   1.02525
Pt     2.81138   5.62286   1.02526
Pt     5.62286   5.62286   1.02526
Pt     8.43433   5.62286   1.02526
Pt    -0.00014   8.43433   1.02526
Pt     2.81138   8.43433   1.02527
Pt     5.62286   8.43433   1.02526
Pt     8.43433   8.43433   1.02527
Pt     1.40566   1.40566  34.91474
Pt     4.21716   1.40566  34.91474
Pt     7.02863   1.40566  34.91473
Pt     9.84013   1.40566  34.91475
Pt     1.40566   4.21716  34.91474
Pt     4.21716   4.21716  34.91474
Pt     7.02863   4.21716  34.91473
Pt     9.84013   4.21716  34.91475
Pt     1.40566   7.02863  34.91473
Pt     4.21716   7.02863  34.91473
Pt     7.02863   7.02863  34.91473
Pt     9.84013   7.02863  34.91474
Pt     1.40566   9.84013  34.91475
Pt     4.21716   9.84013  34.91475
Pt     7.02863   9.84013  34.91474
Pt     9.84013   9.84013  34.91475
Pt    -0.00009  -0.00009  32.88361
Pt     2.81145  -0.00009  32.88359
Pt     5.62291  -0.00009  32.88359
Pt     8.43438  -0.00009  32.88359
Pt    -0.00009   2.81145  32.88359
Pt     2.81145   2.81145  32.88358
Pt     5.62291   2.81145  32.88357
Pt     8.43438   2.81145  32.88358
Pt    -0.00009   5.62291  32.88359
Pt     2.81145   5.62291  32.88357
Pt     5.62291   5.62291  32.88357
Pt     8.43438   5.62291  32.88357
Pt    -0.00009   8.43438  32.88359
Pt     2.81145   8.43438  32.88358
Pt     5.62291   8.43438  32.88357
Pt     8.43438   8.43438  32.88358
Pt     1.31479   1.42060  30.90471
Pt     4.11870   1.40632  30.70627
Pt     7.03236   1.41350  30.84578
Pt     9.72246   1.50356  30.91247
Pt     1.28546   4.26104  30.90628
Pt     4.06862   4.18631  30.86656
Pt     6.92167   4.18230  30.87474
Pt     9.70035   4.28975  30.75175
Pt     1.12358   7.10803  30.79879
Pt     4.17562   7.05048  30.86944
Pt     6.97857   7.08010  30.73618
Pt     9.71192   7.04095  30.81992
Pt     1.35022   9.84459  30.86219
Pt     4.30133   9.89172  30.83633
Pt     7.00067   9.96539  30.75141
Pt     9.79937   9.76949  30.92077
