O      8.41940   8.33725   7.43190
H      8.76460   7.49158   7.71973
H      9.19012   8.95689   7.54864
O      6.40686   9.80334   9.10473
H      6.01193   9.88586  10.00152
H      6.48846   8.84370   8.87977
O      1.14077   2.89583  18.53369
H      1.38462   2.56069  17.61176
H      1.99663   3.29440  18.82453
O      7.88603  11.26009  12.59581
H      7.81687  12.17031  12.16805
H      8.53479  11.32355  13.36798
O      9.67948   3.25213  27.04527
H     10.62715   3.34634  27.21284
H      9.37369   3.57011  26.09024
O      8.34846   6.72680  25.39730
H      8.22586   7.11609  26.30513
H      9.33206   6.94573  25.40387
O     -0.30275   8.74814  17.56988
H     -1.06527   8.75291  18.13911
H     -0.03016   9.71745  17.57099
O      5.20627   0.66613  14.02268
H      4.44754   0.94173  13.50541
H      5.01843  -0.24421  14.42720
O     11.84173   4.20513  21.84239
H     11.83740   4.69276  22.67627
H     11.92089   4.90298  21.12154
O      6.53787   3.75075  28.01812
H      5.72654   3.87587  28.60015
H      7.11040   3.05690  28.41620
O      2.19272   8.51640  15.34002
H      1.54606   9.14322  14.87297
H      3.06384   8.81661  15.05499
O      4.81077   2.00232  23.22228
H      4.92081   1.09420  22.93237
H      3.85484   2.07512  23.03715
O     -0.11320   6.57239  27.77060
H     -0.50069   6.96865  28.59660
H      0.77999   6.93298  27.80737
O      1.24123   0.07640  17.04964
H      2.19542  -0.26726  17.40014
H      1.40957   0.07171  16.06409
O      0.94044   6.54406   9.43065
H      1.15293   5.71352   9.88065
H      0.42438   7.13776  10.05713
O      7.18840   3.14331  22.93112
H      7.75460   3.06228  22.13471
H      6.53770   2.43643  22.96024
O      8.99039   9.09798  27.66453
H      9.71859   8.93373  28.28198
H      9.30799   9.73107  26.96471
O      4.40554   1.04500  28.18233
H      5.38174   1.02101  28.40549
H      4.47092   1.59888  27.37629
O      3.03335   9.98940  27.26333
H      2.12420  10.23631  27.24668
H      3.41308  10.81949  27.68305
O      5.92099   9.51037  11.71663
H      6.24114   8.58575  11.63562
H      6.42740  10.06673  12.42016
O      3.43242   8.73194  11.11301
H      3.90367   9.56506  11.04559
H      2.47483   8.91648  11.18228
O      1.39724   0.59969  20.24732
H      2.07008   0.33062  19.54870
H      1.09204   1.49547  19.88399
O     11.86109   6.50678  20.02349
H     11.03185   6.88484  20.38744
H     11.53690   6.17338  19.18156
O     10.24486  10.11943   8.02615
H     10.59420  10.34393   7.12033
H      9.75330  10.88169   8.35024
O      9.62861  10.62390  14.71133
H      9.42130  10.90769  15.62182
H      9.53252   9.64137  14.73433
O      1.86693  10.28688  23.52008
H      2.42150   9.87115  22.82989
H      2.59902  10.69862  24.06933
O     -0.05380   5.14067  17.67611
H      0.52307   4.36677  18.09045
H      0.57452   5.54044  16.97789
O      0.26858   6.08274  13.59109
H      1.09621   6.08441  14.16853
H     -0.33221   6.57488  14.17434
O      0.48579   2.17282   8.24094
H     -0.44033   2.62705   8.34826
H      0.57149   2.44504   7.23509
O      1.83267   5.70011  15.73008
H      2.36004   4.87452  15.70669
H      2.42653   6.39883  16.03610
O      4.33136   5.76949  13.40800
H      4.12697   6.42190  12.74983
H      5.10436   6.10115  13.90691
O      9.03083   1.46260  19.94560
H      9.15588   0.64165  20.48344
H      8.07047   1.48325  19.87089
O      9.14484   9.89826  10.70404
H      8.44203  10.33723  11.19950
H      8.67999   9.79639   9.85270
O      5.58371  11.30697   7.47646
H      4.68789  11.36245   7.86799
H      6.09856  10.48655   8.01986
O      3.49561   1.85807  12.62413
H      3.12663   1.24623  11.84329
H      3.96842   2.60953  12.20001
O      3.46291   7.43249  20.38894
H      2.54416   7.28284  20.11394
H      3.56931   8.18302  21.01789
O      5.71626   2.80568  16.00380
H      5.54276   2.14383  15.31316
H      6.28079   3.51258  15.60209
O      7.05127   9.26757  17.88861
H      6.69010  10.13437  17.62859
H      6.26950   8.65998  17.87200
O      3.92644   3.09760  19.98218
H      3.21589   3.00241  20.66456
H      4.40659   3.99077  20.12187
O      5.97215   0.69084  17.54396
H      5.98669   1.62432  17.24430
H      6.22897   0.84896  18.47482
O      4.44140   4.15285  10.98262
H      3.50208   4.38587  11.03360
H      4.69503   4.51121  11.86874
O      8.06396   4.61091  12.15850
H      7.84498   3.70211  11.74580
H      9.01768   4.43858  12.41160
O      6.46337   6.81996  15.50830
H      5.89131   6.82614  16.32657
H      6.87229   5.96180  15.27971
O      1.53387   1.77262  14.15215
H      2.16654   1.89634  13.39662
H      0.66406   2.19315  13.91799
O      2.05894   8.83797   8.52007
H      2.87412   8.58018   9.02711
H      1.57208   7.96484   8.46219
O      5.98235   8.50690  22.34983
H      6.02267   8.67979  23.34339
H      5.98374   7.54076  22.38576
O     11.52068   1.79676  24.91274
H     11.97180   1.51320  24.08234
H     12.11862   2.58393  25.01402
O      9.95968   8.16099  22.58286
H     10.53289   7.89505  23.33006
H      9.09586   7.83491  22.85355
O      2.66947   8.40466  17.69848
H      2.47884   8.67182  16.77794
H      1.79981   8.24870  18.13798
O      8.02409   1.40419   7.98765
H      8.16380   1.59496   6.99484
H      7.20866   0.80331   8.02511
O      5.41806   7.85577  25.29896
H      5.41577   6.93032  25.00483
H      5.86250   7.97982  26.12134
O     12.16408  -0.94525  13.88149
H     12.64695  -0.08080  13.90047
H     11.23101  -0.68275  13.89977
O     10.50209   3.77317  13.18616
H     10.91628   4.63905  13.45061
H     10.19246   3.42254  14.06582
O      5.59065   5.68389  23.42735
H      6.32416   5.15824  23.71069
H      5.12417   5.08550  22.83780
O      9.07871   7.97873  15.45003
H      8.12721   7.84419  15.79502
H      9.57255   8.04632  16.31747
O      7.17797   4.72686   7.73542
H      8.18620   4.84517   7.67346
H      6.95490   3.85707   7.32700
O      0.72624   8.03576  24.60012
H      0.66711   8.14477  25.58593
H      1.27771   8.89085  24.30601
O      7.25481   0.34494  26.91327
H      7.16952  -0.56515  27.19546
H      6.47260   0.58441  26.33658
O      8.14345   2.28761  10.69633
H      7.81032   2.20166   9.75150
H      9.12631   2.33170  10.64599
O      9.85691   5.78476   8.00048
H     10.65599   5.80936   8.57765
H     10.26905   5.71827   7.07678
O      1.97810   2.03630  22.58420
H      1.65154   2.86166  22.09877
H      1.80228   1.40548  21.86402
O      9.63738   1.28761  28.60672
H      9.59087   2.07586  28.00443
H      8.84117   0.79626  28.51173
O      9.19132   4.17837  20.90539
H      9.26583   3.41980  20.31690
H      9.97432   4.00200  21.50246
O      8.69305   8.54949  19.80886
H      8.14692   8.95208  19.03361
H      9.30424   9.31165  19.98850
O      6.17515   1.39768  20.20855
H      5.41518   2.01279  20.23507
H      5.98465   0.66360  20.86062
O      2.27115   3.66615  25.70418
H      3.19940   3.33561  25.65833
H      1.86563   3.70850  26.60551
O      6.84286  11.22911  22.60642
H      7.67533  11.53329  23.22533
H      7.23367  10.35961  22.33139
O      5.17254   7.16498  17.65651
H      4.25811   7.46943  17.80302
H      5.28786   6.55317  18.38464
O      5.25867   8.95821  28.10542
H      5.52856   8.86788  29.03925
H      4.35790   9.28719  28.10237
O      2.73147   7.19724  27.18556
H      2.99245   8.15100  27.23695
H      3.24035   6.89869  26.41174
O     -0.36612  12.24221  11.17575
H     -0.89413  11.37580  11.10572
H      0.27193  12.33899  10.43665
O      0.28143   8.30487  11.27817
H     -0.59352   8.77526  11.27960
H      0.09447   7.67976  12.03945
O      4.59349   9.06693  14.47920
H      5.23181   8.42047  14.83453
H      4.76858   9.12913  13.51339
O      2.78748   3.07717  16.31214
H      2.30416   2.59015  15.60615
H      3.66641   2.65159  16.25608
O     11.91949  11.05215  26.83208
H     12.10229  11.53057  26.01640
H     11.39875  11.62847  27.46676
O      4.49764   5.85340  28.91210
H      5.42516   6.05573  28.67680
H      3.87190   6.21856  28.24290
O      2.25053   0.26858  10.54407
H      1.97829   0.39330   9.60626
H      2.10202  -0.67232  10.72572
O      5.07286   2.43412  25.99902
H      5.08412   2.28678  25.00654
H      5.95175   2.89195  26.29103
O      8.62902   4.05498  25.00541
H      8.36426   3.60302  24.26100
H      8.35830   4.98169  25.05294
O      3.94950   9.86796  21.42215
H      4.90726   9.45008  21.47034
H      3.75665  10.12170  20.48487
O      1.00462   3.87355  10.39151
H      0.99159   3.14180   9.71728
H      0.57763   3.51163  11.20693
O      0.90273   5.47059  24.35098
H      1.63921   4.86004  24.67168
H      1.10183   6.41944  24.35825
O      4.33872  10.66058  25.01440
H      4.25321   9.77470  25.33471
H      5.15058  10.67938  24.52317
O     10.00635   1.19370  17.23067
H      9.59107   1.24897  18.11049
H     10.97004   0.89836  17.32511
O      7.34484   7.05975  11.22758
H      7.31546   6.21979  11.71462
H      8.23221   7.14720  10.89674
O      0.76977   4.02863  27.96011
H      0.36724   4.93205  28.12654
H      1.26906   3.86558  28.81749
O      9.76069   3.66268  16.04341
H      9.76565   2.83955  16.54503
H     10.22113   4.33114  16.70603
O      3.70161   3.34564   8.23178
H      3.91576   2.77158   7.43409
H      4.56595   3.68321   8.47563
O      7.46670   4.46622  15.13651
H      7.71542   4.50243  14.12291
H      8.22123   4.00324  15.62280
O      2.47598  11.11785   7.45532
H      1.62207  11.61776   7.48741
H      2.17612  10.20294   7.72395
O     10.29901  10.66784  21.81193
H     11.17418  10.73280  21.35730
H     10.26417   9.73793  22.15898
O      5.27488   5.47373  20.14428
H      4.60779   6.18900  20.33428
H      6.14528   5.80001  20.47302
O      3.52123  10.72499  18.28805
H      3.36186   9.80759  18.03295
H      4.20928  11.26506  17.84646
O      8.72555   0.49722  24.56429
H      8.41994   0.77121  25.46756
H      9.63715   0.92979  24.54540
O      7.75672   6.30536  21.14684
H      8.22039   5.47890  20.86792
H      8.03393   7.08513  20.61123
O      7.65860   6.32898  27.99322
H      8.21977   6.42710  28.78282
H      7.70085   5.36891  27.83827
O      6.35363   7.06774   8.63436
H      6.54996   6.41783   7.93520
H      6.34475   6.62086   9.55017
Pt    -0.01988  -0.01343   5.02055
Pt     2.87809   0.01426   5.03382
Pt     5.61037  -0.01711   5.22782
Pt     8.41069  -0.15898   5.02131
Pt     0.04405   2.73559   5.02044
Pt     2.87756   2.85607   5.02709
Pt     5.60150   2.72194   5.14856
Pt     8.39102   2.62489   5.17887
Pt     0.00771   5.49702   4.99286
Pt     2.82582   5.52676   5.05773
Pt     5.52451   5.54534   4.94804
Pt     8.58944   5.53676   5.09242
Pt     0.09048   8.38751   5.02100
Pt     2.72665   8.32727   5.07529
Pt     5.61344   8.35614   5.10370
Pt     8.58325   8.35711   5.19295
Pt     1.40560   1.40560   3.05641
Pt     4.21710   1.40560   3.05642
Pt     7.02856   1.40560   3.05642
Pt     9.84007   1.40560   3.05641
Pt     1.40560   4.21710   3.05642
Pt     4.21710   4.21710   3.05642
Pt     7.02856   4.21710   3.05643
Pt     9.84007   4.21710   3.05641
Pt     1.40560   7.02856   3.05642
Pt     4.21710   7.02856   3.05643
Pt     7.02856   7.02856   3.05643
Pt     9.84007   7.02856   3.05642
Pt     1.40560   9.84007   3.05641
Pt     4.21710   9.84007   3.05641
Pt     7.02856   9.84007   3.05642
Pt     9.84007   9.84007   3.05640
Pt    -0.00014  -0.00014   1.02525
Pt     2.81138  -0.00014   1.02526
Pt     5.62286  -0.00014   1.02525
Pt     8.43433  -0.00014   1.02526
Pt    -0.00014   2.81138   1.02526
Pt     2.81138   2.81138   1.02527
Pt     5.62286   2.81138   1.02526
Pt     8.43433   2.81138   1.02527
Pt    -0.00014   5.62286   1.02525
Pt     2.81138   5.62286   1.02526
Pt     5.62286   5.62286   1.02526
Pt     8.43433   5.62286   1.02526
Pt    -0.00014   8.43433   1.02526
Pt     2.81138   8.43433   1.02527
Pt     5.62286   8.43433   1.02526
Pt     8.43433   8.43433   1.02527
Pt     1.40566   1.40566  34.91474
Pt     4.21716   1.40566  34.91474
Pt     7.02863   1.40566  34.91473
Pt     9.84013   1.40566  34.91475
Pt     1.40566   4.21716  34.91474
Pt     4.21716   4.21716  34.91474
Pt     7.02863   4.21716  34.91473
Pt     9.84013   4.21716  34.91475
Pt     1.40566   7.02863  34.91473
Pt     4.21716   7.02863  34.91473
Pt     7.02863   7.02863  34.91473
Pt     9.84013   7.02863  34.91474
Pt     1.40566   9.84013  34.91475
Pt     4.21716   9.84013  34.91475
Pt     7.02863   9.84013  34.91474
Pt     9.84013   9.84013  34.91475
Pt    -0.00009  -0.00009  32.88361
Pt     2.81145  -0.00009  32.88359
Pt     5.62291  -0.00009  32.88359
Pt     8.43438  -0.00009  32.88359
Pt    -0.00009   2.81145  32.88359
Pt     2.81145   2.81145  32.88358
Pt     5.62291   2.81145  32.88357
Pt     8.43438   2.81145  32.88358
Pt    -0.00009   5.62291  32.88359
Pt     2.81145   5.62291  32.88357
Pt     5.62291   5.62291  32.88357
Pt     8.43438   5.62291  32.88357
Pt    -0.00009   8.43438  32.88359
Pt     2.81145   8.43438  32.88358
Pt     5.62291   8.43438  32.88357
Pt     8.43438   8.43438  32.88358
Pt     1.36789   1.49367  30.86450
Pt     4.12536   1.36983  30.79045
Pt     6.95641   1.41271  30.86777
Pt     9.77107   1.44606  30.88470
Pt     1.29942   4.34178  30.96697
Pt     4.10158   4.22479  30.88918
Pt     6.92540   4.17733  30.89565
Pt     9.71543   4.32870  30.86015
Pt     1.17495   7.24074  30.86005
Pt     4.15081   7.18648  30.83608
Pt     6.97280   7.02897  30.72837
Pt     9.71659   7.02929  30.85138
Pt     1.27480   9.91329  30.83971
Pt     4.18511   9.86886  30.82630
Pt     6.92484   9.86723  30.85451
Pt     9.77523   9.81570  30.90423
