O      9.09368   8.03258   8.25258
H      9.40708   7.04141   8.23767
H      9.90786   8.63167   8.08311
O      6.38905   8.81832   8.52703
H      5.92963   7.93287   8.55346
H      7.36313   8.61673   8.16399
O      2.07093   2.52211  18.28331
H      2.40078   2.40563  17.32377
H      2.89697   2.89460  18.75550
O      7.25365  11.11838  11.88807
H      7.22626  12.05685  11.60475
H      6.90421  11.17746  12.84551
O      9.22255   3.16622  27.30164
H     10.23717   3.14690  27.26441
H      8.94864   3.02450  26.40048
O     10.53769   5.34191  24.66057
H      9.70930   4.86731  24.88895
H     10.44593   6.25212  24.95897
O      0.08076   8.47388  16.94618
H      0.19694   8.33587  17.93014
H      0.19472   9.48033  16.77358
O      5.91730   0.51876  14.13571
H      5.23028   0.96878  13.59353
H      5.46300  -0.31892  14.38275
O     10.98378   4.76681  22.10522
H     11.49168   4.92303  22.93896
H     10.84235   5.65225  21.73500
O      6.00456   3.65579  27.83887
H      5.26470   4.12091  28.35571
H      6.03240   2.70881  28.07197
O      1.81535  10.45518  13.53418
H      0.85035  10.51001  13.20889
H      2.32183  10.04797  12.80295
O      4.28250   1.82782  23.05653
H      4.32994   0.86511  23.15219
H      3.40476   2.20839  22.63989
O      0.20493   6.21746  27.71492
H      0.29929   6.59186  28.60660
H      0.46690   6.85801  27.06491
O      0.76069  -0.02870  16.20950
H      1.37013  -0.33932  16.97422
H      1.24938   0.30097  15.39826
O      0.99802   6.00922   9.57881
H      1.29994   5.21801  10.12051
H      0.81031   6.66060  10.27907
O      6.52848   3.71497  22.53747
H      7.24505   3.64359  21.81645
H      6.03947   2.92448  22.36404
O      9.34974   8.03384  27.19012
H      9.98665   8.64605  26.91514
H      9.61662   7.39777  27.90002
O      4.59903   0.87787  28.17759
H      5.56168   0.78364  27.87974
H      4.23934   1.50830  27.51507
O      2.40567  10.06102  27.99406
H      1.44724  10.34975  27.79854
H      3.06228  10.76280  27.86489
O      6.27468   8.69234  12.12851
H      7.11959   8.21923  12.17595
H      6.49746   9.58036  11.73022
O      3.38280   8.90341  10.84829
H      3.91302   8.18291  11.18010
H      2.44135   8.64319  11.00858
O      1.72106   0.43821  20.28609
H      2.44043  -0.17554  20.14872
H      1.58244   0.88137  19.39588
O     11.21005   6.64496  19.87082
H     10.43366   7.17717  19.57505
H     11.23587   5.83248  19.31672
O     10.88751  10.03050   7.87739
H     10.95523   9.64729   6.97384
H     10.10994  10.60040   7.76255
O      8.90137  10.25813  14.70768
H      9.04774  10.74513  15.52604
H      9.05122   9.30326  14.98138
O      1.38438  10.42435  22.71435
H      1.34839  10.88160  21.80394
H      2.29546  10.42499  23.07150
O      0.20722   4.60067  18.20939
H      0.76325   3.82991  18.44583
H      0.79723   5.10239  17.59873
O      0.63255   6.51330  14.03746
H      1.24567   6.17318  14.74976
H     -0.18270   6.72847  14.52819
O      1.20170   2.20340   8.13016
H      0.34022   1.89168   8.43883
H      0.92047   2.93927   7.53772
O      1.96703   5.27749  16.22259
H      2.41985   4.35378  16.16173
H      2.60430   6.04973  16.31963
O      4.24069   6.21955  13.11511
H      4.68501   6.99952  13.49447
H      4.43524   5.57311  13.85771
O      8.93178   1.57358  19.73678
H      9.35388   0.68561  19.88935
H      7.98497   1.40887  19.90126
O      9.40944   9.22920  10.99632
H      8.72033   9.91941  11.18197
H      9.15196   8.69338  10.19350
O      5.57292  10.98629   7.54963
H      4.60178  10.96767   7.56326
H      5.81802  10.07183   7.87607
O      3.77690   1.71779  12.77429
H      3.37363   1.15129  12.08034
H      4.45240   2.33604  12.28762
O      1.97089   7.44318  21.54211
H      1.32565   7.19185  20.84585
H      2.03481   8.41163  21.72030
O      5.48111   1.83151  16.32237
H      5.74421   1.27122  15.50481
H      6.01465   2.60696  16.43200
O      6.79420   9.46547  17.22345
H      6.29570  10.04459  17.79666
H      7.24292  10.05692  16.56665
O      4.08582   3.76832  19.80186
H      3.34770   3.85103  20.41163
H      4.36332   4.70919  19.49469
O      4.77717   0.37299  18.19063
H      5.12106   0.93362  17.42577
H      4.87248   0.89792  19.02410
O      5.33998   3.48424  11.29467
H      5.27124   3.21528  10.34587
H      5.16710   4.40000  11.43681
O      8.27562   3.90275  12.69573
H      7.93938   3.48212  11.86111
H      9.21309   3.54575  12.71833
O      6.48991   6.77875  15.71354
H      5.85100   6.79424  16.49418
H      6.60312   5.75585  15.60325
O      1.12182   1.93761  13.91318
H      1.82319   1.90041  13.18655
H      0.58239   2.77842  13.85936
O      2.73833   8.41322   7.78373
H      3.19063   8.86308   8.60163
H      2.08441   7.83816   8.21730
O      7.12316   8.00168  22.71329
H      6.56663   7.60543  23.46200
H      6.90669   7.43470  21.90070
O     11.47933   0.56625  24.72301
H     11.90168   0.22957  23.87799
H     11.63148   1.56881  24.55177
O     10.03540   8.80918  21.88783
H     10.48734   9.07915  22.76365
H      9.08042   8.47841  22.06553
O      2.64586   7.88919  15.94089
H      2.90581   8.30493  15.06357
H      1.67715   8.07864  16.00931
O      9.13348   0.76552   7.67868
H      8.97674   1.40781   6.93554
H      8.23947   0.68514   8.07878
O      5.94687   8.18015  25.27698
H      6.14255   7.23222  25.13251
H      6.75264   8.55568  25.75208
O     10.65569  -0.01195  13.02818
H     11.07288   0.83281  13.33563
H      9.96066  -0.41285  13.67830
O     10.76980   3.94621  13.79118
H     10.93678   4.85628  13.55947
H     10.37781   4.04469  14.67873
O      5.73320   5.62365  24.29319
H      5.98659   5.16815  23.47177
H      4.79361   5.45004  24.36491
O      9.08930   7.52476  15.46757
H      8.15179   7.15456  15.53453
H      9.34512   7.41511  16.47757
O      7.42110   3.93560   8.75832
H      8.19266   4.50155   8.59411
H      7.05928   3.63894   7.91219
O      0.81854   7.86860  24.63502
H      1.60946   8.05525  25.14723
H      1.18711   7.24207  23.97106
O      7.15741   0.28042  27.03327
H      6.62092  -0.52913  27.04996
H      7.55489   0.54619  26.11669
O      8.46240   2.07670  10.48311
H      8.31826   2.71706   9.73329
H      9.12988   1.37940  10.35644
O      9.83834   5.31757   8.35272
H     10.61061   5.38081   9.00266
H     10.16752   4.99346   7.50984
O      2.13676   2.70199  21.59249
H      1.27639   2.96421  21.97594
H      1.95147   1.80439  21.16887
O      9.66412   1.24152  28.70605
H      9.35337   2.08692  28.19913
H      8.85001   0.68907  28.48333
O      8.63677   3.95697  21.23162
H      8.91086   3.22643  20.62722
H      9.42949   4.11206  21.85973
O      8.90944   8.34219  18.83530
H      8.16418   8.62560  18.20530
H      9.47649   9.14035  18.92518
O      5.97062   1.39005  20.63273
H      5.55285   2.23414  20.84252
H      5.86574   0.84915  21.46861
O      0.91467   3.28582  24.42922
H      1.65404   2.98078  24.92771
H      0.46021   4.05009  24.90993
O      6.60071  10.83419  22.56195
H      7.31079  11.20513  23.17197
H      6.77261   9.86301  22.54383
O      4.54426   6.97157  17.61358
H      3.81526   7.50501  17.18864
H      4.44772   7.05592  18.57863
O      6.78886   9.13813  27.90019
H      7.72788   8.77506  27.79438
H      6.11079   8.43693  27.87908
O      3.08460   7.84043  26.52662
H      2.69525   8.63197  27.05055
H      3.99288   8.05039  26.29726
O     -0.14518  11.71828  10.42213
H     -0.25298  11.01938   9.75076
H     -0.64872  11.23965  11.13830
O      1.03629   7.73019  11.72754
H      0.42521   8.50336  11.78454
H      0.99023   7.37961  12.64088
O      5.10075   9.23238  14.57846
H      5.76031   9.05520  15.28945
H      5.42171   8.91259  13.68061
O      3.01199   2.68818  15.69871
H      2.73038   2.30194  14.82495
H      3.93330   2.42461  15.83378
O     10.87820  10.33699  26.89332
H     11.19511  10.91342  26.09915
H     10.34279  10.95613  27.43115
O      4.05525   5.57434  27.94189
H      3.83387   5.87329  28.87525
H      3.34643   5.96551  27.42386
O      2.61610   0.83508  10.58134
H      3.23817   0.80540   9.87090
H      1.82887   0.26469  10.36566
O      3.94830   2.95888  25.96950
H      4.23384   2.21439  25.38034
H      4.77553   3.46891  26.16975
O      7.92812   3.53697  24.99949
H      7.53821   3.63305  24.08370
H      7.25632   4.00720  25.50442
O      4.10770   9.93738  20.80554
H      4.83901  10.35332  20.31630
H      4.35221   9.05581  21.13638
O      1.34316   3.78310  10.88245
H      1.57768   2.91912  10.48845
H      1.82288   3.89211  11.76354
O      2.96391   5.64010  24.43575
H      2.39496   4.88924  24.16846
H      2.49792   5.91349  25.24672
O      4.21439  10.52576  24.48288
H      4.16048   9.58448  24.81299
H      5.20389  10.65464  24.48803
O      9.62910   0.98581  16.83964
H      9.64238   1.18722  17.83803
H     10.56220   0.68292  16.54496
O      8.28528   6.94694  12.28569
H      8.36818   5.99793  12.57575
H      9.21154   7.23916  12.15079
O      0.69242   2.98367  27.77463
H      1.02115   3.71545  28.35509
H      0.61492   2.30446  28.50230
O      9.88526   3.71159  16.36294
H      9.58851   2.83355  16.70767
H     10.43321   4.02994  17.09297
O      4.69894   2.55505   8.46775
H      4.09010   2.91914   7.77183
H      5.09769   1.74477   8.03375
O      7.15667   3.92796  15.22436
H      7.30499   3.74581  14.23026
H      8.02151   3.82724  15.64800
O      2.46688  11.03474   7.39381
H      1.77416  11.80614   7.48349
H      2.07669  10.15516   7.63607
O     10.38778  10.46527  19.89704
H     11.34840  10.73588  19.88809
H     10.36732   9.91634  20.75339
O      4.81436   6.43292  19.96815
H      4.22602   6.64240  20.73327
H      5.80713   6.36535  20.18615
O      2.66473  10.17634  17.93871
H      2.95362   9.39874  17.39834
H      3.45979  10.68624  18.07611
O      8.27349   0.58940  24.59080
H      8.10912   1.59084  24.65660
H      9.25920   0.54065  24.68757
O      7.39570   6.32025  20.35717
H      7.82929   5.44745  20.55700
H      8.02859   6.81151  19.76091
O      7.90381   5.56233  27.29047
H      8.87234   5.27349  27.40050
H      7.50300   4.79422  27.75317
O      5.08140   6.56221   9.45800
H      5.67967   5.74197   9.49831
H      4.28105   6.03554   9.43545
Pt    -0.01741   0.05735   5.00531
Pt     2.66831  -0.00658   5.11527
Pt     5.71564   0.12370   5.21732
Pt     8.50817  -0.02658   4.94783
Pt     0.03363   2.85231   5.04733
Pt     2.80895   2.80812   5.03834
Pt     5.53459   2.77254   5.16661
Pt     8.36931   2.93026   5.18420
Pt     0.01624   5.66390   5.06688
Pt     2.88995   5.58438   5.16026
Pt     5.54339   5.59339   5.16803
Pt     8.59067   5.66184   5.17086
Pt    -0.00290   8.46056   4.95862
Pt     2.85138   8.45067   5.07557
Pt     5.64552   8.48567   5.09779
Pt     8.50591   8.47326   5.11593
Pt     1.40560   1.40560   3.05641
Pt     4.21710   1.40560   3.05642
Pt     7.02856   1.40560   3.05642
Pt     9.84007   1.40560   3.05641
Pt     1.40560   4.21710   3.05642
Pt     4.21710   4.21710   3.05642
Pt     7.02856   4.21710   3.05643
Pt     9.84007   4.21710   3.05641
Pt     1.40560   7.02856   3.05642
Pt     4.21710   7.02856   3.05643
Pt     7.02856   7.02856   3.05643
Pt     9.84007   7.02856   3.05642
Pt     1.40560   9.84007   3.05641
Pt     4.21710   9.84007   3.05641
Pt     7.02856   9.84007   3.05642
Pt     9.84007   9.84007   3.05640
Pt    -0.00014  -0.00014   1.02525
Pt     2.81138  -0.00014   1.02526
Pt     5.62286  -0.00014   1.02525
Pt     8.43433  -0.00014   1.02526
Pt    -0.00014   2.81138   1.02526
Pt     2.81138   2.81138   1.02527
Pt     5.62286   2.81138   1.02526
Pt     8.43433   2.81138   1.02527
Pt    -0.00014   5.62286   1.02525
Pt     2.81138   5.62286   1.02526
Pt     5.62286   5.62286   1.02526
Pt     8.43433   5.62286   1.02526
Pt    -0.00014   8.43433   1.02526
Pt     2.81138   8.43433   1.02527
Pt     5.62286   8.43433   1.02526
Pt     8.43433   8.43433   1.02527
Pt     1.40566   1.40566  34.91474
Pt     4.21716   1.40566  34.91474
Pt     7.02863   1.40566  34.91473
Pt     9.84013   1.40566  34.91475
Pt     1.40566   4.21716  34.91474
Pt     4.21716   4.21716  34.91474
Pt     7.02863   4.21716  34.91473
Pt     9.84013   4.21716  34.91475
Pt     1.40566   7.02863  34.91473
Pt     4.21716   7.02863  34.91473
Pt     7.02863   7.02863  34.91473
Pt     9.84013   7.02863  34.91474
Pt     1.40566   9.84013  34.91475
Pt     4.21716   9.84013  34.91475
Pt     7.02863   9.84013  34.91474
Pt     9.84013   9.84013  34.91475
Pt    -0.00009  -0.00009  32.88361
Pt     2.81145  -0.00009  32.88359
Pt     5.62291  -0.00009  32.88359
Pt     8.43438  -0.00009  32.88359
Pt    -0.00009   2.81145  32.88359
Pt     2.81145   2.81145  32.88358
Pt     5.62291   2.81145  32.88357
Pt     8.43438   2.81145  32.88358
Pt    -0.00009   5.62291  32.88359
Pt     2.81145   5.62291  32.88357
Pt     5.62291   5.62291  32.88357
Pt     8.43438   5.62291  32.88357
Pt    -0.00009   8.43438  32.88359
Pt     2.81145   8.43438  32.88358
Pt     5.62291   8.43438  32.88357
Pt     8.43438   8.43438  32.88358
Pt     1.43166   1.18142  30.78621
Pt     4.17385   1.25516  30.90859
Pt     6.94113   1.46634  30.87850
Pt     9.85244   1.27587  30.81781
Pt     1.39309   4.00244  30.85244
Pt     4.18826   4.13438  30.83146
Pt     6.99051   4.31044  30.84219
Pt     9.80967   4.17025  30.87775
Pt     1.42071   6.84623  30.83150
Pt     4.23084   7.06170  30.83247
Pt     7.01552   7.02699  30.81219
Pt     9.93342   6.95200  30.92691
Pt     1.37604   9.60491  30.80845
Pt     4.18270   9.72949  30.84730
Pt     7.00570   9.83058  30.93499
Pt     9.98565   9.66517  30.86790
