O      8.88043   7.96221   8.23979
H      9.29058   6.99857   8.08914
H      9.54194   8.63703   7.86448
O      6.16741   8.45321   8.51401
H      5.58331   7.68680   8.88506
H      7.02126   8.07333   8.15436
O      1.75662   2.36785  18.53572
H      1.84730   2.24179  17.54933
H      2.55866   2.82684  18.86551
O      7.15958  11.18501  11.36491
H      7.67069  12.02684  11.15864
H      6.64978  11.44617  12.19201
O      9.70165   3.37170  27.19867
H     10.55935   3.65275  27.59121
H      9.62193   3.61054  26.21103
O     10.29794   5.22834  24.96715
H      9.32835   5.12339  25.09441
H     10.58024   6.15177  25.23144
O      0.41496   8.39906  16.61865
H      0.11217   8.38034  17.52716
H      0.37443   9.35118  16.27168
O      5.54836   0.62800  13.97286
H      4.74267   0.85982  13.45959
H      5.38726  -0.23656  14.37161
O     11.11367   4.67581  22.10301
H     11.08088   5.15639  22.94531
H     11.00058   5.39851  21.44647
O      5.99111   3.62449  27.68078
H      5.37542   4.44787  27.60973
H      5.79336   3.45148  28.63486
O      2.30451  10.51783  13.39423
H      1.46912  10.45293  12.88183
H      2.90811   9.91837  12.90617
O      4.36733   2.04306  22.89306
H      4.46359   1.09828  22.68493
H      3.33810   2.11763  22.65372
O      0.06728   6.07776  28.10929
H      0.43377   6.14625  29.00418
H      0.64933   6.71500  27.63135
O      0.76305  -0.27849  16.08486
H      1.54193  -0.28152  16.73923
H      1.23536   0.26815  15.41522
O      0.74300   6.04965   9.54194
H      1.15198   5.31835  10.07056
H      0.67913   6.83707  10.11522
O      6.55597   3.54322  23.20233
H      7.23109   3.54625  22.49771
H      5.77992   2.95497  23.04230
O      9.49918   8.23980  26.98475
H      9.94824   9.09640  26.99869
H      9.79015   7.87715  27.80771
O      4.56012   0.83736  28.05636
H      5.54317   0.96505  28.09389
H      4.19012   1.53405  27.48519
O      1.99119  10.01639  28.27795
H      1.12163  10.44333  28.00864
H      2.81799  10.63052  28.29019
O      6.12948   8.59139  12.21953
H      6.83274   7.88653  12.20819
H      6.61093   9.40668  12.05272
O      3.70267   8.68546  10.53889
H      4.65620   8.74527  10.81307
H      3.61049   7.76348  10.75729
O      1.86359   0.35270  20.01773
H      2.82108   0.28832  20.11344
H      1.76711   1.09656  19.40755
O     11.18537   6.64898  20.07398
H     10.34967   7.13297  19.88829
H     11.17739   5.90950  19.34428
O     11.02754   9.79963   7.84601
H     11.22363   9.57405   6.86667
H     10.59961  10.67625   7.91938
O      8.56171  10.23220  14.95534
H      8.89321  10.86857  15.70528
H      8.78361   9.29086  15.05719
O      1.40333  10.17293  22.66802
H      1.66113  10.56308  21.82207
H      2.18376  10.27889  23.29905
O      0.31428   4.56904  18.36351
H      0.59775   3.68245  18.62598
H      0.99984   4.81063  17.66675
O      0.44996   6.39030  14.18226
H      0.99208   6.00112  14.90203
H     -0.36154   6.72699  14.56486
O      0.98397   2.30296   7.88547
H      0.16301   1.96790   8.38581
H      0.59525   2.62385   7.03504
O      1.94266   5.18671  16.19327
H      2.55639   4.38188  16.08282
H      2.57567   5.90389  16.41277
O      4.24074   5.57774  12.97686
H      4.97953   6.09605  13.36411
H      3.57202   5.50903  13.62435
O      8.72969   1.54279  19.35441
H      9.42329   0.85008  19.60721
H      7.84092   1.18828  19.64508
O      9.72013   8.91931  11.18243
H      9.35360   9.79831  11.35802
H      9.25908   8.68828  10.36705
O      5.54225  11.00167   7.55291
H      4.59244  11.07749   7.50405
H      5.75666  10.08066   7.79339
O      3.86193   1.94939  12.57512
H      3.19083   1.84986  11.87064
H      4.48800   2.56776  12.03083
O      2.09311   7.41085  21.73666
H      1.38387   7.24834  21.06370
H      1.75797   8.26506  22.04452
O      5.70059   1.99017  16.24975
H      5.84714   1.66415  15.34854
H      6.39435   2.70839  16.23243
O      6.95944   9.99940  17.16274
H      6.27116  10.54585  17.68661
H      6.87009  10.13868  16.21454
O      3.67363   3.71542  19.63425
H      3.07354   3.53062  20.42641
H      3.81984   4.69991  19.77047
O      4.92373   0.34124  18.41604
H      5.24385   0.93079  17.63943
H      5.29511   0.83552  19.23134
O      5.32091   3.87181  11.08528
H      6.04610   3.43408  10.59456
H      5.78523   4.41112  11.80432
O      8.07767   3.76314  12.87790
H      7.98217   3.19503  12.05284
H      9.00334   3.75031  13.22615
O      6.52541   6.66333  15.71458
H      5.83088   6.78513  16.44125
H      6.57856   5.67416  15.50265
O      1.19072   1.71863  13.91930
H      1.93496   1.55144  13.31316
H      0.98925   2.69818  13.73463
O      2.56100   8.59140   7.87880
H      2.96513   8.51311   8.72862
H      1.83653   7.94879   7.86187
O      7.18225   8.16351  22.57924
H      6.90510   8.01490  23.49228
H      7.32352   7.24410  22.18285
O     11.13560   0.34222  24.73066
H     11.45777  -0.09645  23.91989
H     11.60623   1.22671  24.75079
O     10.06967   9.18019  22.12943
H     10.64057   9.34152  22.86240
H      9.19609   8.92475  22.44452
O      2.83119   8.23333  15.70016
H      3.32798   8.53212  14.96178
H      1.84073   8.28138  15.66611
O      9.36982   0.85179   8.02655
H      9.26263   0.89734   7.03437
H      8.59776   0.46583   8.44629
O      5.67751   8.23888  25.18956
H      5.49879   7.27146  24.82333
H      6.22121   8.08553  25.97461
O     10.42354   0.12100  12.58867
H     11.08320   0.75608  12.98283
H      9.86824  -0.17311  13.39757
O     10.77465   3.95916  13.72622
H     11.23460   4.81666  13.78344
H     10.61363   3.58540  14.62607
O      5.43701   5.93886  24.28141
H      5.85850   5.41802  23.61961
H      4.50296   5.62256  24.37070
O      9.19621   7.38697  15.41425
H      8.29035   6.96614  15.40843
H      9.62966   7.55216  16.19551
O      7.39635   3.60649   8.70971
H      7.99729   4.33907   8.50148
H      6.87646   3.55546   7.89055
O      1.02922   7.64021  24.71495
H      1.57322   8.05742  25.44217
H      1.77816   7.27493  24.22210
O      7.28012   0.38936  27.46167
H      6.93771  -0.55543  27.38815
H      7.38087   0.71284  26.48899
O      8.60717   2.11793  10.64638
H      8.30511   2.45925   9.70404
H      9.58057   2.14135  10.49838
O      9.82262   4.99700   8.19206
H     10.68300   5.22715   8.65227
H     10.11908   4.77342   7.29927
O      2.06445   2.70150  21.81019
H      1.32269   3.33992  22.17553
H      1.66912   2.03719  21.20639
O      9.38449   1.11484  28.61637
H      9.45467   1.94443  28.01530
H      8.50427   0.66348  28.36306
O      8.73620   3.64520  21.10657
H      8.98716   2.87647  20.58772
H      9.49471   3.87794  21.68851
O      8.82949   8.17274  18.63141
H      8.21620   8.37418  17.87907
H      9.18798   9.05947  18.90009
O      5.96295   1.49160  20.41270
H      5.60593   2.43085  20.56465
H      6.00849   0.94776  21.24453
O      1.25010   2.80544  24.75424
H      1.10692   2.76627  25.74628
H      0.59045   3.47475  24.65827
O      6.31501  10.74159  22.45634
H      6.84507  10.70744  23.24787
H      6.20090   9.78330  22.17659
O      4.54033   7.10697  17.43726
H      3.80941   7.50646  16.88501
H      4.16926   6.78710  18.30959
O      7.04364   8.70751  27.75639
H      8.01637   8.57640  27.32789
H      7.34031   8.85546  28.69816
O      3.47206   8.01585  26.51368
H      3.04666   8.82323  26.91754
H      4.24556   8.31645  26.01447
O     -0.02307  11.40972   9.97967
H      0.06112  10.47460   9.60512
H     -0.53039  11.33144  10.83896
O      1.02102   7.93050  11.75056
H      0.25314   8.50385  11.62751
H      0.89039   7.39623  12.56384
O      5.08685   9.18753  14.57889
H      5.74170   8.62535  15.05779
H      5.48662   8.96444  13.67034
O      3.05741   2.89687  16.09679
H      2.83669   2.48177  15.16171
H      4.05012   2.66258  16.20397
O     10.85027  10.55390  27.16778
H     11.08747  11.09716  26.32921
H     10.15606  11.12920  27.65266
O      3.87376   5.55587  27.71719
H      3.60227   5.52559  28.67584
H      3.85139   6.51142  27.46838
O      2.44782   0.81402  10.56990
H      3.10596   0.05351  10.78448
H      1.52751   0.43025  10.38984
O      3.34166   2.82067  26.18949
H      4.08706   2.86791  25.58179
H      3.30804   3.72459  26.46259
O      8.12481   3.94773  25.20857
H      7.66771   3.56132  24.45139
H      7.54040   4.24995  25.91015
O      3.95367   9.96655  20.74505
H      4.25428   9.66365  19.84037
H      3.36325   9.20780  20.91596
O      2.05365   3.74640  10.94901
H      2.49844   3.02328  10.46477
H      2.82385   4.23454  11.18635
O      3.07127   5.26097  24.88398
H      2.52447   4.45010  24.78066
H      3.03806   5.61555  25.78202
O      4.06594  10.37886  24.42201
H      4.57591   9.61563  24.75213
H      4.63637  10.69145  23.68919
O      9.66599   0.76825  17.00504
H      9.17747   0.88404  17.82282
H     10.62000   0.52263  17.13269
O      8.34088   6.79454  12.25649
H      8.54070   5.86828  12.34827
H      9.12379   7.30721  12.01228
O      0.78536   3.04691  28.13574
H      1.34541   3.84604  27.81417
H      1.06856   2.99572  29.08546
O      9.89898   3.48328  16.20500
H      9.83225   2.48052  16.50308
H     10.34769   3.98593  16.91144
O      4.65982   2.42192   8.39889
H      4.11583   2.48665   7.61172
H      5.04744   1.56690   8.34902
O      7.19160   4.17550  15.44287
H      7.14656   3.99534  14.45107
H      8.11803   3.84400  15.64564
O      2.59869  11.37115   7.43733
H      1.93916  12.00456   7.81277
H      2.30922  10.43464   7.67689
O     10.38711  10.45135  19.57914
H     11.29904  10.68262  19.37152
H     10.32575  10.04384  20.48975
O      4.54448   6.50089  20.30967
H      3.97801   7.06955  20.86278
H      5.48649   6.67946  20.47894
O      2.66517  10.15230  17.61461
H      2.88854   9.48769  16.88610
H      3.49875  10.62741  17.81740
O      8.17463   0.61846  24.58436
H      7.99186   1.49762  24.87770
H      9.14876   0.63133  24.45642
O      7.40965   6.23843  20.61089
H      7.91666   5.37702  20.60443
H      7.79126   6.82591  19.87971
O      8.10020   5.74400  27.39927
H      8.96623   5.55246  27.71148
H      7.52903   5.07015  27.81401
O      4.56379   6.21400   9.12887
H      4.91219   5.40105   9.49610
H      3.70629   6.04380   8.68804
Pt     0.00008   0.09144   5.05232
Pt     2.81079   0.03959   5.17842
Pt     5.71129   0.09609   5.18790
Pt     8.42447   0.03089   5.00464
Pt    -0.02319   2.83544   4.97735
Pt     2.81308   2.82701   5.09647
Pt     5.52391   2.83794   5.17755
Pt     8.29355   2.96516   5.21165
Pt     0.05093   5.64565   5.13448
Pt     2.66444   5.54910   5.01974
Pt     5.71996   5.59363   4.98945
Pt     8.55561   5.74886   5.13957
Pt     0.01408   8.42408   5.02302
Pt     2.75989   8.40469   5.06275
Pt     5.59229   8.44813   5.13175
Pt     8.56295   8.53250   5.10987
Pt     1.40560   1.40560   3.05641
Pt     4.21710   1.40560   3.05642
Pt     7.02856   1.40560   3.05642
Pt     9.84007   1.40560   3.05641
Pt     1.40560   4.21710   3.05642
Pt     4.21710   4.21710   3.05642
Pt     7.02856   4.21710   3.05643
Pt     9.84007   4.21710   3.05641
Pt     1.40560   7.02856   3.05642
Pt     4.21710   7.02856   3.05643
Pt     7.02856   7.02856   3.05643
Pt     9.84007   7.02856   3.05642
Pt     1.40560   9.84007   3.05641
Pt     4.21710   9.84007   3.05641
Pt     7.02856   9.84007   3.05642
Pt     9.84007   9.84007   3.05640
Pt    -0.00014  -0.00014   1.02525
Pt     2.81138  -0.00014   1.02526
Pt     5.62286  -0.00014   1.02525
Pt     8.43433  -0.00014   1.02526
Pt    -0.00014   2.81138   1.02526
Pt     2.81138   2.81138   1.02527
Pt     5.62286   2.81138   1.02526
Pt     8.43433   2.81138   1.02527
Pt    -0.00014   5.62286   1.02525
Pt     2.81138   5.62286   1.02526
Pt     5.62286   5.62286   1.02526
Pt     8.43433   5.62286   1.02526
Pt    -0.00014   8.43433   1.02526
Pt     2.81138   8.43433   1.02527
Pt     5.62286   8.43433   1.02526
Pt     8.43433   8.43433   1.02527
Pt     1.40566   1.40566  34.91474
Pt     4.21716   1.40566  34.91474
Pt     7.02863   1.40566  34.91473
Pt     9.84013   1.40566  34.91475
Pt     1.40566   4.21716  34.91474
Pt     4.21716   4.21716  34.91474
Pt     7.02863   4.21716  34.91473
Pt     9.84013   4.21716  34.91475
Pt     1.40566   7.02863  34.91473
Pt     4.21716   7.02863  34.91473
Pt     7.02863   7.02863  34.91473
Pt     9.84013   7.02863  34.91474
Pt     1.40566   9.84013  34.91475
Pt     4.21716   9.84013  34.91475
Pt     7.02863   9.84013  34.91474
Pt     9.84013   9.84013  34.91475
Pt    -0.00009  -0.00009  32.88361
Pt     2.81145  -0.00009  32.88359
Pt     5.62291  -0.00009  32.88359
Pt     8.43438  -0.00009  32.88359
Pt    -0.00009   2.81145  32.88359
Pt     2.81145   2.81145  32.88358
Pt     5.62291   2.81145  32.88357
Pt     8.43438   2.81145  32.88358
Pt    -0.00009   5.62291  32.88359
Pt     2.81145   5.62291  32.88357
Pt     5.62291   5.62291  32.88357
Pt     8.43438   5.62291  32.88357
Pt    -0.00009   8.43438  32.88359
Pt     2.81145   8.43438  32.88358
Pt     5.62291   8.43438  32.88357
Pt     8.43438   8.43438  32.88358
Pt     1.43277   1.14101  30.85230
Pt     4.19892   1.22895  30.82474
Pt     7.04111   1.37375  30.88596
Pt     9.84131   1.21867  30.85974
Pt     1.45538   4.09967  30.88806
Pt     4.18922   4.13618  30.90526
Pt     7.04545   4.22718  30.84264
Pt     9.90356   4.07353  30.86594
Pt     1.40899   6.94083  30.84851
Pt     4.27303   7.02616  30.89361
Pt     7.09177   7.04598  30.75071
Pt     9.94745   6.96048  30.94707
Pt     1.38657   9.58866  30.75791
Pt     4.21316   9.73090  30.77823
Pt     6.94466   9.76315  30.84261
Pt     9.86156   9.68354  30.82608
