0
0
0
0
0
0
0
0
0.223184
0.532974
0.490953
0.469892
0.310702
-0.103666
-0.343539
-0.341783
-0.227057
-0.205449
-0.244554
0.106773
0.24227
0.255878
0.243806
-0.051387
0.39129
-0.0981057
-0.297994
-0.346326
-0.179487
0.132435
0.00841862
-0.101584
-0.049268
0.156048
-0.275266
-0.169023
0.101627
0.289421
-0.121734
0.172008
0.368869
-0.00779735
0.112108
-0.149141
-0.0689747
0.069852
0.0457016
0.0821836
0.316691
0.0279308
0.250098
0.149005
-0.0278483
-0.106807
-0.304809
-0.160514
-0.0899912
-0.0680621
0.0161354
0.362646
0.281465
0.306712
0.164787
0.123681
