 O      4.4938599999999997       0.91495000000000004        28.454219999999999     
 H      5.3476200000000000       0.55525000000000002        28.016570000000002     
 H      4.3343299999999996        1.6857100000000000        27.865939999999998     
 O      9.8903400000000001       0.70799000000000001        28.669519999999999     
 H      9.5514799999999997        1.5464500000000001        28.098369999999999     
 H      9.0193100000000008       0.33556000000000002        28.654219999999999     
 O      4.7501899999999999        5.9279200000000003        28.152030000000000     
 H      5.6374300000000002        6.3203500000000004        28.232730000000000     
 H      4.2886499999999996        6.5258799999999999        27.530750000000001     
 Pt     1.4056599999999999        1.4056599999999999        34.914740000000002     
 Pt     4.2171599999999998        1.4056599999999999        34.914740000000002     
 Pt     7.0286299999999997        1.4056599999999999        34.914729999999999     
 Pt     9.8401300000000003        1.4056599999999999        34.914749999999998     
 Pt     1.4056599999999999        4.2171599999999998        34.914740000000002     
 Pt     4.2171599999999998        4.2171599999999998        34.914740000000002     
 Pt     7.0286299999999997        4.2171599999999998        34.914729999999999     
 Pt     9.8401300000000003        4.2171599999999998        34.914749999999998     
 Pt     1.4056599999999999        7.0286299999999997        34.914729999999999     
 Pt     4.2171599999999998        7.0286299999999997        34.914729999999999     
 Pt     7.0286299999999997        7.0286299999999997        34.914729999999999     
 Pt     9.8401300000000003        7.0286299999999997        34.914740000000002     
 Pt     1.4056599999999999        9.8401300000000003        34.914749999999998     
 Pt     4.2171599999999998        9.8401300000000003        34.914749999999998     
 Pt     7.0286299999999997        9.8401300000000003        34.914740000000002     
 Pt     9.8401300000000003        9.8401300000000003        34.914749999999998     
 Pt    -9.0000000000000006E-005  -9.0000000000000006E-005   32.883609999999997     
 Pt     2.8114499999999998       -9.0000000000000006E-005   32.883589999999998     
 Pt     5.6229100000000001       -9.0000000000000006E-005   32.883589999999998     
 Pt     8.4343800000000009       -9.0000000000000006E-005   32.883589999999998     
 Pt    -9.0000000000000006E-005   2.8114499999999998        32.883589999999998     
 Pt     2.8114499999999998        2.8114499999999998        32.883580000000002     
 Pt     5.6229100000000001        2.8114499999999998        32.883569999999999     
 Pt     8.4343800000000009        2.8114499999999998        32.883580000000002     
 Pt    -9.0000000000000006E-005   5.6229100000000001        32.883589999999998     
 Pt     2.8114499999999998        5.6229100000000001        32.883569999999999     
 Pt     5.6229100000000001        5.6229100000000001        32.883569999999999     
 Pt     8.4343800000000009        5.6229100000000001        32.883569999999999     
 Pt    -9.0000000000000006E-005   8.4343800000000009        32.883589999999998     
 Pt     2.8114499999999998        8.4343800000000009        32.883580000000002     
 Pt     5.6229100000000001        8.4343800000000009        32.883569999999999     
 Pt     8.4343800000000009        8.4343800000000009        32.883580000000002     
 Pt     1.2973300000000001        1.3750199999999999        30.900440000000000     
 Pt     4.1215799999999998        1.4333199999999999        30.688540000000000     
 Pt     7.0471700000000004        1.4279100000000000        30.831219999999998     
 Pt     9.7163100000000000        1.5269699999999999        30.889800000000001     
 Pt     1.2772300000000001        4.2098599999999999        30.844819999999999     
 Pt     4.0622999999999996        4.1802099999999998        30.846779999999999     
 Pt     6.9268299999999998        4.2027000000000001        30.848369999999999     
 Pt     9.7071199999999997        4.2551199999999998        30.714939999999999     
 Pt     1.1529100000000001        7.0085899999999999        30.782139999999998     
 Pt     4.1810600000000004        6.9881700000000002        30.881160000000001     
 Pt     6.9784499999999996        7.0980400000000001        30.783190000000001     
 Pt     9.6995500000000003        7.0452500000000002        30.784620000000000     
 Pt     1.3985600000000000        9.8166300000000000        30.868700000000000     
 Pt     4.3272300000000001        9.8977199999999996        30.861200000000000     
 Pt     7.0545600000000004        9.9820700000000002        30.727419999999999     
 Pt     9.8027700000000006        9.7641399999999994        30.895700000000001     
