 O      4.5990300000000000       0.87787000000000004        28.177589999999999     
 H      5.5616800000000000       0.78364000000000000        27.879740000000002     
 H      4.2393400000000003        1.5083000000000000        27.515070000000001     
 O      9.6641200000000005        1.2415200000000000        28.706050000000001     
 H      9.3533700000000000        2.0869200000000001        28.199130000000000     
 H      8.8500099999999993       0.68906999999999996        28.483329999999999     
 Pt     1.4056599999999999        1.4056599999999999        34.914740000000002     
 Pt     4.2171599999999998        1.4056599999999999        34.914740000000002     
 Pt     7.0286299999999997        1.4056599999999999        34.914729999999999     
 Pt     9.8401300000000003        1.4056599999999999        34.914749999999998     
 Pt     1.4056599999999999        4.2171599999999998        34.914740000000002     
 Pt     4.2171599999999998        4.2171599999999998        34.914740000000002     
 Pt     7.0286299999999997        4.2171599999999998        34.914729999999999     
 Pt     9.8401300000000003        4.2171599999999998        34.914749999999998     
 Pt     1.4056599999999999        7.0286299999999997        34.914729999999999     
 Pt     4.2171599999999998        7.0286299999999997        34.914729999999999     
 Pt     7.0286299999999997        7.0286299999999997        34.914729999999999     
 Pt     9.8401300000000003        7.0286299999999997        34.914740000000002     
 Pt     1.4056599999999999        9.8401300000000003        34.914749999999998     
 Pt     4.2171599999999998        9.8401300000000003        34.914749999999998     
 Pt     7.0286299999999997        9.8401300000000003        34.914740000000002     
 Pt     9.8401300000000003        9.8401300000000003        34.914749999999998     
 Pt    -9.0000000000000006E-005  -9.0000000000000006E-005   32.883609999999997     
 Pt     2.8114499999999998       -9.0000000000000006E-005   32.883589999999998     
 Pt     5.6229100000000001       -9.0000000000000006E-005   32.883589999999998     
 Pt     8.4343800000000009       -9.0000000000000006E-005   32.883589999999998     
 Pt    -9.0000000000000006E-005   2.8114499999999998        32.883589999999998     
 Pt     2.8114499999999998        2.8114499999999998        32.883580000000002     
 Pt     5.6229100000000001        2.8114499999999998        32.883569999999999     
 Pt     8.4343800000000009        2.8114499999999998        32.883580000000002     
 Pt    -9.0000000000000006E-005   5.6229100000000001        32.883589999999998     
 Pt     2.8114499999999998        5.6229100000000001        32.883569999999999     
 Pt     5.6229100000000001        5.6229100000000001        32.883569999999999     
 Pt     8.4343800000000009        5.6229100000000001        32.883569999999999     
 Pt    -9.0000000000000006E-005   8.4343800000000009        32.883589999999998     
 Pt     2.8114499999999998        8.4343800000000009        32.883580000000002     
 Pt     5.6229100000000001        8.4343800000000009        32.883569999999999     
 Pt     8.4343800000000009        8.4343800000000009        32.883580000000002     
 Pt     1.4316599999999999        1.1814199999999999        30.786210000000001     
 Pt     4.1738499999999998        1.2551600000000001        30.908590000000000     
 Pt     6.9411300000000002        1.4663400000000000        30.878499999999999     
 Pt     9.8524399999999996        1.2758700000000001        30.817810000000001     
 Pt     1.3930899999999999        4.0024400000000000        30.852440000000001     
 Pt     4.1882599999999996        4.1343800000000002        30.831460000000000     
 Pt     6.9905099999999996        4.3104399999999998        30.842189999999999     
 Pt     9.8096700000000006        4.1702500000000002        30.877749999999999     
 Pt     1.4207099999999999        6.8462300000000003        30.831499999999998     
 Pt     4.2308399999999997        7.0617000000000001        30.832470000000001     
 Pt     7.0155200000000004        7.0269899999999996        30.812190000000001     
 Pt     9.9334199999999999        6.9520000000000000        30.926909999999999     
 Pt     1.3760399999999999        9.6049100000000003        30.808450000000001     
 Pt     4.1826999999999996        9.7294900000000002        30.847300000000001     
 Pt     7.0057000000000000        9.8305799999999994        30.934989999999999     
 Pt     9.9856499999999997        9.6651699999999998        30.867899999999999     
