 O      1.9119500000000000        9.9943899999999992        28.302949999999999     
 H      1.0964600000000000        10.272970000000001        27.747879999999999     
 H      2.6012400000000002        10.704400000000000        28.482309999999998     
 O      8.5218100000000003        5.8981000000000003        28.509039999999999     
 H      8.3870000000000005        6.8750499999999999        28.271750000000001     
 H      9.5049899999999994        5.7635600000000000        28.472560000000001     
 Pt     1.4056599999999999        1.4056599999999999        34.914740000000002     
 Pt     4.2171599999999998        1.4056599999999999        34.914740000000002     
 Pt     7.0286299999999997        1.4056599999999999        34.914729999999999     
 Pt     9.8401300000000003        1.4056599999999999        34.914749999999998     
 Pt     1.4056599999999999        4.2171599999999998        34.914740000000002     
 Pt     4.2171599999999998        4.2171599999999998        34.914740000000002     
 Pt     7.0286299999999997        4.2171599999999998        34.914729999999999     
 Pt     9.8401300000000003        4.2171599999999998        34.914749999999998     
 Pt     1.4056599999999999        7.0286299999999997        34.914729999999999     
 Pt     4.2171599999999998        7.0286299999999997        34.914729999999999     
 Pt     7.0286299999999997        7.0286299999999997        34.914729999999999     
 Pt     9.8401300000000003        7.0286299999999997        34.914740000000002     
 Pt     1.4056599999999999        9.8401300000000003        34.914749999999998     
 Pt     4.2171599999999998        9.8401300000000003        34.914749999999998     
 Pt     7.0286299999999997        9.8401300000000003        34.914740000000002     
 Pt     9.8401300000000003        9.8401300000000003        34.914749999999998     
 Pt    -9.0000000000000006E-005  -9.0000000000000006E-005   32.883609999999997     
 Pt     2.8114499999999998       -9.0000000000000006E-005   32.883589999999998     
 Pt     5.6229100000000001       -9.0000000000000006E-005   32.883589999999998     
 Pt     8.4343800000000009       -9.0000000000000006E-005   32.883589999999998     
 Pt    -9.0000000000000006E-005   2.8114499999999998        32.883589999999998     
 Pt     2.8114499999999998        2.8114499999999998        32.883580000000002     
 Pt     5.6229100000000001        2.8114499999999998        32.883569999999999     
 Pt     8.4343800000000009        2.8114499999999998        32.883580000000002     
 Pt    -9.0000000000000006E-005   5.6229100000000001        32.883589999999998     
 Pt     2.8114499999999998        5.6229100000000001        32.883569999999999     
 Pt     5.6229100000000001        5.6229100000000001        32.883569999999999     
 Pt     8.4343800000000009        5.6229100000000001        32.883569999999999     
 Pt    -9.0000000000000006E-005   8.4343800000000009        32.883589999999998     
 Pt     2.8114499999999998        8.4343800000000009        32.883580000000002     
 Pt     5.6229100000000001        8.4343800000000009        32.883569999999999     
 Pt     8.4343800000000009        8.4343800000000009        32.883580000000002     
 Pt     1.4409300000000000        1.4649700000000001        30.794779999999999     
 Pt     4.3412800000000002        1.3791899999999999        30.788300000000000     
 Pt     7.0367199999999999        1.1740699999999999        30.786590000000000     
 Pt     9.9602199999999996        1.1829099999999999        30.745249999999999     
 Pt     1.4750099999999999        4.1802999999999999        30.845240000000000     
 Pt     4.3615399999999998        4.1590800000000003        30.761479999999999     
 Pt     7.1549600000000000        3.9293700000000000        30.821130000000000     
 Pt     9.9527999999999999        4.1690800000000001        30.759930000000001     
 Pt     1.4201100000000000        6.9459400000000002        30.820850000000000     
 Pt     4.2457300000000000        6.9101699999999999        30.769970000000001     
 Pt     6.9607799999999997        6.8049299999999997        30.912880000000001     
 Pt     9.8142700000000005        6.8586999999999998        30.702449999999999     
 Pt     1.4297400000000000        9.8155400000000004        30.847239999999999     
 Pt     4.2621799999999999        9.6359800000000000        30.890309999999999     
 Pt     6.9938700000000003        9.6377000000000006        30.803270000000001     
 Pt     9.6996300000000009        9.6365400000000001        30.781210000000002     
